    480   -860 -17866
    462   -830 -17892
    490   -832 -17924
    506   -850 -17918
    502   -850 -17914
    466   -848 -17930
    482   -840 -17836
    464   -830 -17930
    500   -832 -17960
    486   -828 -17872
    516   -866 -17918
    480   -840 -17900
    464   -824 -17894
    504   -850 -17944
    494   -866 -17868
    502   -864 -17884
    476   -844 -17924
    492   -870 -17874
    478   -860 -17926
    494   -870 -17950
    508   -838 -17878
    502   -836 -17926
    484   -858 -17902
    506   -846 -17904
    470   -826 -17912
    486   -842 -17854
    466   -866 -17930
    490   -884 -17904
    500   -864 -17914
    476   -822 -17904
    518   -832 -17906
    488   -854 -17970
    488   -846 -17950
    492   -844 -17878
    488   -832 -17910
    478   -836 -17914
    464   -828 -17968
    492   -822 -17892
    468   -850 -17890
    494   -856 -17924
    538   -834 -17910
    522   -856 -17924
    504   -820 -17922
    488   -820 -17932
    512   -830 -17904
    474   -844 -17920
    484   -842 -17896
    486   -846 -17948
    496   -852 -17884
    526   -836 -17934
    474   -856 -17860
    474   -842 -17886
    514   -848 -17950
    486   -838 -17886
    476   -880 -17934
    478   -840 -17874
    502   -832 -17912
    532   -826 -17938
    500   -846 -17952
    484   -836 -17926
    498   -856 -17908
    504   -834 -17892
    502   -836 -17866
    482   -838 -17916
    522   -814 -17910
    504   -866 -17966
    516   -864 -17906
    490   -848 -17876
    498   -856 -17868
    486   -844 -17910
    474   -840 -17858
    480   -858 -17876
    470   -834 -17952
    478   -848 -17944
    496   -826 -17918
    496   -846 -17892
    500   -864 -17932
    478   -846 -17908
    528   -824 -17868
    510   -852 -17932
    462   -844 -17916
    460   -832 -17922
    474   -856 -17914
    494   -830 -17890
    484   -830 -17906
    486   -822 -17900
    494   -852 -17926
    474   -838 -17932
    462   -824 -17914
    478   -844 -17920
    508   -860 -17926
    484   -858 -17952
    490   -850 -17894
    478   -838 -17886
    500   -844 -17862
    490   -840 -17882
    470   -854 -17944
    490   -838 -17952
    460   -832 -17928
    454   -814 -17906
    498   -868 -17964
    488   -848 -17942
    486   -830 -17914
    490   -850 -17908
    478   -846 -17894
    494   -830 -17902
    504   -824 -17924
    510   -856 -17942
    500   -840 -17884
    480   -824 -17920
    512   -828 -17920
    476   -818 -17932
    486   -860 -17948
    492   -826 -17888
    482   -844 -17956
    470   -858 -17914
    492   -824 -17892
    486   -824 -17882
    494   -862 -17898
    460   -854 -17928
    498   -854 -17908
    506   -838 -17924
    472   -850 -17926
    506   -842 -17888
    468   -834 -17902
    488   -848 -17906
    498   -862 -17934
    522   -854 -17902
    510   -840 -17906
    508   -878 -17934
    486   -810 -17926
    508   -846 -17906
    498   -826 -17914
    494   -854 -17938
    482   -828 -17910
    466   -834 -17918
    458   -856 -17934
    494   -870 -17900
    518   -836 -17932
    496   -830 -17910
    498   -838 -17948
    480   -848 -17922
    512   -844 -17914
    486   -848 -17896
    478   -834 -17894
    500   -846 -17894
    486   -810 -17888
    474   -846 -17962
    472   -820 -17936
    498   -814 -17902
    466   -858 -17940
    500   -862 -17906
    498   -860 -17880
    492   -850 -17894
    492   -874 -17942
    498   -870 -17924
    486   -842 -17926
    500   -848 -17898
    490   -880 -17962
    492   -840 -17882
    512   -844 -17912
    476   -840 -17936
    490   -858 -17910
    496   -822 -17920
    504   -832 -17870
    500   -856 -17942
    486   -868 -17918
    514   -856 -17910
    506   -846 -17872
    514   -840 -17946
    526   -844 -17920
    496   -844 -17918
    490   -852 -17910
    492   -840 -17912
    486   -820 -17888
    526   -862 -17926
    502   -838 -17956
    490   -846 -17910
    486   -822 -17904
    488   -848 -17916
    490   -852 -17912
    498   -826 -17896
    468   -832 -17926
    498   -854 -17908
    480   -840 -17872
    508   -852 -17906
    506   -864 -17932
    518   -866 -17894
    494   -848 -17904
    500   -840 -17890
    480   -858 -17890
    502   -848 -17940
    488   -824 -17918
    490   -854 -17906
    486   -856 -17926
    478   -842 -17910
    474   -844 -17912
    490   -862 -17932
    486   -850 -17904
    480   -856 -17892
    490   -834 -17890
    462   -850 -17922
    494   -824 -17906
    522   -840 -17914
    484   -834 -17864
    484   -834 -17916
    492   -836 -17926
    516   -848 -17894
    502   -848 -17952
    494   -854 -17922
    460   -858 -17918
    460   -858 -17904
    512   -838 -17926
    532   -850 -17922
    502   -844 -17926
    522   -860 -17932
    476   -846 -17934
    498   -834 -17966
    526   -868 -17898
    476   -852 -17888
    522   -860 -17934
    434   -838 -17950
    500   -808 -17914
    484   -822 -17928
    476   -832 -17916
    496   -860 -17970
    474   -824 -17924
    492   -840 -17958
    502   -824 -17900
    502   -832 -17898
    506   -846 -17946
    500   -840 -17894
    512   -834 -17922
    480   -858 -17908
    504   -830 -17910
    448   -836 -17940
    500   -850 -17934
    498   -858 -17890
    492   -884 -17898
    488   -854 -17900
    482   -866 -17902
    480   -844 -17894
    464   -842 -17906
    494   -842 -17898
    492   -832 -17886
    474   -850 -17940
    466   -874 -17948
    494   -840 -17908
    504   -838 -17900
    490   -870 -17884
    478   -834 -17920
    484   -850 -17928
    482   -844 -17886
    496   -840 -17882
    506   -848 -17926
    498   -820 -17944
    508   -830 -17926
    460   -846 -17950
    470   -822 -17914
    488   -836 -17892
    470   -866 -17928
    478   -824 -17932
    490   -858 -17866
    452   -856 -17930
    470   -856 -17920
    470   -856 -17904
    474   -854 -17892
    466   -822 -17880
    474   -836 -17918
    484   -860 -17960
    510   -850 -17920
    476   -824 -17942
    478   -850 -17868
    530   -860 -17864
    504   -862 -17900
    474   -834 -17928
    486   -840 -17912
    488   -836 -17896
    464   -846 -17934
    474   -850 -17924
    496   -840 -17912
    494   -826 -17968
    486   -860 -17938
    488   -858 -17898
    458   -872 -17928
    502   -838 -17864
    532   -822 -17932
    476   -822 -17864
    516   -834 -17848
    498   -830 -17914
    476   -834 -17914
    494   -836 -17896
    510   -826 -17896
    496   -844 -17926
    498   -862 -17932
    504   -856 -17940
    498   -834 -17906
    488   -834 -17906
    492   -830 -17854
    496   -838 -17866
    480   -836 -17892
    500   -844 -17876
    476   -850 -17890
    490   -850 -17940
    504   -830 -17934
    464   -858 -17926
    454   -848 -17922
    500   -862 -17936
    472   -828 -17888
    500   -814 -17908
    474   -818 -17890
    468   -850 -17890
    488   -844 -17886
    516   -862 -17930
    488   -856 -17898
    512   -850 -17912
    468   -842 -17926
    454   -872 -17950
    490   -844 -17928
    478   -828 -17852
    468   -814 -17910
    474   -842 -17942
    486   -828 -17894
    502   -806 -17892
    500   -854 -17952
    486   -874 -17906
    484   -860 -17910
    510   -812 -17924
    506   -840 -17954
    502   -860 -17940
    494   -868 -17888
    488   -802 -17944
    496   -830 -17886
    474   -842 -17888
    480   -844 -17896
    504   -848 -17898
    516   -858 -17910
    520   -852 -17932
    522   -838 -17892
    508   -838 -17902
    530   -826 -17872
    474   -846 -17950
    516   -796 -17890
    464   -818 -17912
    478   -854 -17980
    488   -846 -17906
    530   -882 -17872
    506   -842 -17940
    514   -840 -17918
    526   -844 -17918
    514   -836 -17930
    500   -862 -17884
    504   -850 -17950
    486   -838 -17916
    462   -826 -17868
    506   -846 -17920
    494   -846 -17906
    484   -850 -17958
    458   -852 -17936
    514   -862 -17930
    474   -826 -17930
    500   -842 -17918
    514   -838 -17942
    514   -850 -17916
    500   -850 -17888
    490   -860 -17894
    488   -832 -17904
    498   -822 -17894
    466   -868 -17910
    508   -842 -17870
    468   -836 -17912
    522   -832 -17910
    464   -826 -17886
    492   -856 -17924
    488   -828 -17908
    526   -842 -17900
    484   -860 -17896
    494   -832 -17924
    468   -860 -17916
    502   -808 -17922
    514   -844 -17910
    490   -878 -17936
    506   -828 -17936
    474   -848 -17920
    492   -848 -17878
    480   -822 -17914
    536   -864 -17892
    496   -846 -17914
    500   -844 -17944
    512   -828 -17900
    530   -838 -17870
    504   -836 -17932
    500   -846 -17906
    508   -824 -17936
    536   -848 -17906
    470   -820 -17902
    488   -830 -17948
    500   -814 -17918
    506   -844 -17938
    444   -848 -17910
    494   -844 -17922
    484   -838 -17890
    506   -832 -17908
    506   -846 -17896
    508   -834 -17892
    476   -828 -17868
    480   -842 -17898
    508   -846 -17942
    484   -830 -17908
    508   -842 -17916
    484   -872 -17908
    466   -842 -17942
    486   -852 -17914
    498   -838 -17900
    538   -816 -17902
    518   -876 -17904
    500   -852 -17902
    516   -858 -17934
    490   -864 -17924
    496   -828 -17888
    486   -828 -17940
    518   -834 -17922
    498   -832 -17946
    508   -854 -17962
    476   -846 -17908
    490   -816 -17856
    496   -862 -17946
    486   -850 -17924
    462   -814 -17890
    524   -840 -17906
    506   -822 -17934
    506   -868 -17940
    482   -826 -17934
    478   -846 -17914
    504   -866 -17914
    468   -854 -17918
    458   -838 -17918
    478   -856 -17886
    472   -822 -17938
    480   -854 -17930
    484   -846 -17896
    508   -826 -17908
    498   -824 -17902
    508   -842 -17892
    478   -856 -17940
    474   -846 -17956
    526   -840 -17880
    492   -836 -17930
    500   -846 -17898
    498   -830 -17904
    470   -856 -17936
    502   -840 -17864
    480   -824 -17924
    496   -838 -17880
    472   -826 -17910
    482   -856 -17916
    504   -844 -17904
    494   -838 -17880
    508   -846 -17910
    466   -830 -17916
    494   -798 -17918
    508   -852 -17918
    518   -832 -17888
    484   -856 -17916
    520   -820 -17904
    488   -830 -17894
    492   -826 -17942
    490   -842 -17908
    504   -858 -17936
    480   -850 -17896
    452   -832 -17904
    484   -838 -17936
    486   -824 -17964
    502   -860 -17898
    480   -842 -17908
    490   -848 -17910
    504   -838 -17874
    516   -854 -17896
    502   -834 -17908
    504   -880 -17934
    532   -860 -17930
    486   -816 -17934
    500   -840 -17896
    518   -842 -17892
    480   -846 -17926
    488   -838 -17974
    498   -872 -17902
    474   -854 -17970
    466   -838 -17932
    498   -844 -17904
    466   -870 -17904
    480   -858 -17874
    480   -852 -17922
    496   -830 -17902
    454   -870 -17922
    476   -850 -17922
    458   -834 -17932
    456   -836 -17906
    452   -818 -17920
    492   -870 -17884
    470   -828 -17932
    500   -820 -17928
    478   -842 -17898
    496   -856 -17908
    480   -844 -17976
    502   -858 -17868
    482   -854 -17872
    496   -842 -17890
    514   -848 -17912
    484   -814 -17904
    526   -870 -17942
    486   -832 -17912
    526   -850 -17902
    436   -864 -17930
    476   -842 -17918
    486   -818 -17874
    512   -836 -17896
    482   -888 -17886
    528   -832 -17926
    496   -830 -17902
    498   -844 -17882
    504   -834 -17892
    504   -866 -17902
    510   -848 -17858
    488   -848 -17912
    510   -854 -17902
    506   -838 -17894
    488   -856 -17918
    498   -848 -17932
    482   -848 -17908
    486   -820 -17898
    504   -814 -17890
    504   -842 -17930
    516   -884 -17914
    486   -858 -17896
    490   -844 -17908
    454   -850 -17890
    498   -852 -17904
    502   -828 -17922
    474   -846 -17944
    478   -852 -17902
    500   -832 -17912
    496   -848 -17918
    490   -848 -17922
    498   -820 -17886
    502   -844 -17946
    498   -816 -17896
    472   -832 -17920
    510   -824 -17928
    480   -840 -17912
    518   -868 -17940
    490   -832 -17926
    500   -876 -17908
    498   -832 -17934
    488   -818 -17924
    488   -824 -17900
    492   -856 -17912
    504   -862 -17900
    480   -856 -17912
    504   -866 -17956
    498   -840 -17904
    502   -842 -17920
    490   -852 -17938
    484   -852 -17940
    490   -858 -17938
    534   -852 -17928
    498   -842 -17892
    490   -860 -17880
    496   -856 -17880
    480   -828 -17900
    514   -826 -17900
    490   -830 -17936
    482   -844 -17864
    476   -838 -17864
    502   -868 -17880
    484   -846 -17860
    504   -838 -17918
    474   -872 -17932
    500   -842 -17936
    478   -846 -17880
    498   -858 -17914
    484   -844 -17918
    508   -820 -17904
    508   -854 -17908
    522   -824 -17926
    496   -862 -17906
    498   -882 -17902
    496   -858 -17914
    490   -858 -17920
    504   -840 -17880
    492   -800 -17912
    488   -818 -17936
    462   -854 -17904
    526   -828 -17924
    488   -822 -17870
    508   -818 -17934
    514   -830 -17924
    514   -856 -17956
    476   -830 -17892
    464   -834 -17922
    512   -854 -17886
    472   -848 -17932
    490   -834 -17904
    478   -830 -17950
    478   -850 -17912
    492   -844 -17904
    496   -872 -17884
    478   -840 -17866
    474   -860 -17850
    490   -854 -17896
    500   -860 -17958
    492   -856 -17852
    520   -852 -17900
    502   -858 -17926
    480   -834 -17912
    526   -828 -17882
    486   -830 -17894
    518   -848 -17926
    488   -856 -17912
    506   -850 -17916
    496   -850 -17872
    510   -846 -17934
    506   -838 -17922
    484   -844 -17894
    460   -846 -17904
    470   -824 -17932
    518   -834 -17942
    484   -818 -17896
    494   -842 -17912
    514   -828 -17938
    484   -852 -17888
    484   -840 -17922
    502   -846 -17928
    460   -860 -17866
    478   -872 -17894
    502   -852 -17936
    496   -840 -17938
    454   -846 -17924
    494   -844 -17882
    478   -848 -17894
    486   -840 -17920
    508   -826 -17916
    522   -854 -17958
    470   -848 -17926
    504   -854 -17960
    498   -830 -17946
    458   -830 -17898
    512   -850 -17886
    496   -840 -17934
    488   -842 -17938
    512   -860 -17910
    500   -854 -17908
    474   -854 -17896
    514   -864 -17922
    502   -842 -17928
    464   -826 -17860
    494   -820 -17930
    498   -822 -17878
    490   -848 -17912
    508   -852 -17948
    510   -854 -17884
    492   -842 -17904
    476   -840 -17904
    466   -836 -17874
    484   -830 -17922
    510   -842 -17938
    482   -806 -17858
    464   -822 -17914
    476   -864 -17948
    504   -820 -17914
    492   -850 -17936
    474   -832 -17914
    486   -860 -17880
    470   -858 -17836
    524   -846 -17942
    506   -836 -17922
    514   -846 -17932
    522   -870 -17950
    516   -854 -17942
    512   -854 -17910
    494   -840 -17930
    498   -824 -17896
    506   -874 -17916
    484   -820 -17916
    500   -822 -17906
    468   -822 -17902
    496   -842 -17890
    518   -844 -17896
    504   -840 -17902
    506   -840 -17924
    456   -848 -17874
    492   -854 -17878
    476   -844 -17908
    490   -840 -17938
    510   -842 -17872
    518   -840 -17914
    498   -860 -17894
    494   -862 -17896
    496   -848 -17914
    476   -860 -17910
    530   -864 -17940
    500   -846 -17958
    514   -870 -17846
    532   -856 -17910
    496   -832 -17874
    524   -814 -17892
    508   -838 -17906
    484   -834 -17920
    532   -850 -17876
    504   -826 -17926
    534   -804 -17908
    484   -816 -17910
    480   -852 -17900
    484   -834 -17890
    486   -816 -17916
    514   -858 -17904
    492   -866 -17886
    472   -830 -17926
    480   -870 -17918
    504   -842 -17920
    486   -844 -17928
    462   -866 -17882
    496   -830 -17984
    496   -834 -17886
    494   -850 -17944
    494   -860 -17930
    494   -850 -17904
    498   -852 -17940
    500   -854 -17880
    504   -832 -17980
    510   -830 -17908
    476   -842 -17942
    476   -826 -17964
    518   -838 -17894
    508   -826 -17932
    514   -822 -17934
    482   -852 -17894
    488   -826 -17900
    472   -834 -17930
    472   -840 -17888
    518   -858 -17882
    484   -834 -17924
    496   -848 -17878
    476   -850 -17916
    498   -860 -17906
    488   -860 -17936
    514   -850 -17908
    472   -824 -17926
    502   -836 -17908
    502   -838 -17886
    454   -866 -17884
    496   -830 -17900
    512   -828 -17906
    506   -846 -17896
    496   -836 -17936
    494   -852 -17950
    494   -860 -17916
    480   -858 -17904
    518   -860 -17884
    476   -852 -17920
    484   -872 -17952
    508   -810 -17926
    516   -836 -17908
    472   -854 -17942
    482   -826 -17876
    500   -832 -17890
    488   -846 -17910
    518   -832 -17920
    474   -822 -17904
    480   -800 -17952
    476   -826 -17914
    520   -814 -17942
    506   -866 -17908
    504   -846 -17924
    496   -848 -17896
    496   -834 -17940
    488   -828 -17926
    492   -852 -17924
    510   -824 -17976
    484   -838 -17928
    510   -830 -17866
    496   -866 -17924
    492   -840 -17886
    482   -834 -17946
    476   -836 -17940
    504   -848 -17908
    494   -858 -17930
    500   -808 -17948
    498   -814 -17914
    482   -834 -17942
    478   -866 -17896
    488   -834 -17916
    510   -870 -17906
    478   -842 -17872
    478   -860 -17980
    490   -838 -17904
    484   -846 -17920
    510   -872 -17904
    526   -808 -17910
    512   -862 -17940
    506   -850 -17914
    490   -810 -17922
    486   -828 -17866
    492   -856 -17888
    484   -844 -17912
    516   -820 -17910
    494   -816 -17916
    492   -824 -17872
    468   -856 -17952
    476   -840 -17938
    474   -842 -17982
    486   -820 -17904
    486   -818 -17902
    500   -844 -17918
    504   -864 -17926
    464   -826 -17876
    510   -864 -17920
    484   -824 -17954
    484   -866 -17976
    516   -824 -17948
    462   -846 -17966
    508   -856 -17880
    532   -838 -17974
    498   -840 -17898
    494   -866 -17876
    492   -836 -17904
    494   -816 -17910
    472   -852 -17896
    486   -856 -17932
    470   -832 -17946
    498   -816 -17920
    510   -854 -17896
    496   -824 -17916
    524   -838 -17886
    510   -878 -17946
    504   -832 -17880
    484   -866 -17916
    472   -836 -17926
    500   -856 -17892
    492   -842 -17876
    502   -832 -17902
    460   -838 -17902
    482   -846 -17922
    472   -842 -17932
    482   -832 -17882
    514   -842 -17876
    512   -856 -17884
    494   -846 -17910
    528   -848 -17912
    516   -832 -17932
    478   -814 -17940
    496   -838 -17894
    508   -842 -17898
    498   -832 -17970
    508   -816 -17920
    482   -828 -17922
    510   -816 -17884
    496   -852 -17918
    490   -846 -17946
    510   -828 -17932
    498   -828 -17908
    482   -830 -17932
    518   -850 -17914
    480   -862 -17908
    474   -844 -17890
    466   -854 -17942
    484   -876 -17906
    478   -830 -17910
    502   -830 -17938
    488   -810 -17908
    482   -818 -17908
    484   -876 -17910
    516   -830 -17904
    520   -860 -17930
    468   -852 -17904
    488   -840 -17956
    502   -828 -17920
    474   -836 -17928
    510   -810 -17892
    502   -838 -17908
    514   -822 -17868
    480   -858 -17892
    474   -842 -17922
    444   -832 -17934
    484   -842 -17932
    504   -866 -17944
    512   -848 -17928
    506   -854 -17970
    510   -824 -17930
    490   -846 -17904
    484   -872 -17898
    472   -848 -17936
    510   -822 -17946
    532   -844 -17906
    484   -840 -17938
    474   -848 -17908
    468   -844 -17888
    482   -834 -17918
    478   -840 -17928
    472   -854 -17896
    484   -856 -17928
    500   -856 -17882
    506   -852 -17882
    502   -850 -17922
    490   -856 -17876
    486   -832 -17894
    494   -812 -17926
    470   -842 -17902
    480   -862 -17908
    498   -832 -17916
    480   -864 -17936
    512   -842 -17920
    490   -810 -17868
    490   -838 -17894
    486   -846 -17956
    476   -838 -17946
    510   -848 -17918
    512   -832 -17904
    486   -864 -17874
    468   -848 -17912
    468   -836 -17928
    482   -848 -17910
    484   -844 -17884
    490   -844 -17858
    492   -850 -17880
    462   -828 -17908
    488   -826 -17912
    488   -840 -17930
    508   -850 -17924
    480   -864 -17890
    452   -856 -17948
    464   -878 -17868
    524   -838 -17828
    486   -830 -17972
    456   -854 -17890
    490   -844 -17900
    518   -834 -17958
    512   -844 -17872
    478   -858 -17988
    476   -840 -17932
    496   -818 -17928
    488   -818 -17924
    496   -832 -17886
    524   -846 -17926
    500   -834 -17852
    512   -840 -17920
    468   -812 -17914
    468   -862 -17896
    522   -840 -17928
    488   -844 -17930
    480   -874 -17898
    468   -840 -17874
    510   -850 -17924
    512   -824 -17932
    510   -834 -17916
    504   -844 -17926
    506   -858 -17872
    502   -824 -17896
    480   -814 -17894
    476   -848 -17956
    482   -814 -17976
    520   -818 -17966
    504   -846 -17892
    470   -838 -17934
    498   -850 -17962
    504   -844 -17902
    494   -844 -17844
    498   -870 -17900
    470   -848 -17926
    476   -850 -17902
    514   -858 -17884
    518   -860 -17886
    516   -860 -17894
    480   -854 -17930
    474   -834 -17932
    472   -840 -17994
    494   -812 -17938
    480   -830 -17962
    502   -840 -17924
    492   -834 -17924
    482   -794 -17912
    510   -840 -17862
    480   -850 -17918
    468   -824 -17948
    474   -818 -17868
    496   -830 -17926
    486   -842 -17892
    504   -850 -17944
    470   -820 -17902
    502   -812 -17884
    482   -848 -17928
    478   -870 -17914
    500   -858 -17880
    504   -836 -17914
    476   -830 -17904
    466   -814 -17942
    504   -834 -17930
    524   -840 -17886
    514   -822 -17922
    496   -842 -17894
    520   -848 -17944
    480   -868 -17890
    488   -854 -17930
    492   -858 -17898
    492   -828 -17926
    480   -852 -17926
    516   -840 -17878
    514   -864 -17940
    484   -866 -17862
    496   -846 -17914
    482   -826 -17918
    470   -838 -17942
    492   -852 -17896
    496   -842 -17916
    488   -870 -17986
    478   -846 -17918
    498   -822 -17908
    492   -836 -17896
    512   -850 -17924
    486   -842 -17962
    500   -846 -17916
    492   -826 -17918
    512   -854 -17928
    500   -836 -17896
    478   -838 -17960
    502   -850 -17932
    474   -846 -17900
    492   -852 -17922
    476   -870 -17918
    444   -852 -17884
    468   -848 -17916
    490   -848 -17910
    484   -846 -17902
    478   -844 -17922
    496   -840 -17934
    524   -832 -17906
    484   -838 -17934
    500   -844 -17936
    512   -854 -17952
    450   -814 -17880
    522   -840 -17920
    462   -828 -17940
    500   -814 -17914
    470   -808 -17904
    518   -842 -17902
    492   -838 -17912
    512   -844 -17940
    490   -836 -17938
    498   -882 -17872
    470   -848 -17928
    498   -844 -17916
    486   -836 -17914
    476   -858 -17900
    486   -872 -17904
    514   -858 -17854
    504   -856 -17852
    496   -822 -17888
    484   -858 -17924
    470   -856 -17884
    502   -868 -17908
    470   -854 -17924
    484   -856 -17912
    502   -846 -17940
    498   -838 -17936
    506   -836 -17932
    492   -842 -17950
    486   -868 -17896
    500   -830 -17918
    496   -830 -17906
    500   -844 -17918
    478   -866 -17896
    494   -852 -17914
    464   -852 -17920
    496   -846 -17890
    474   -828 -17912
    444   -830 -17920
    488   -836 -17944
    494   -842 -17904
    462   -820 -17934
    466   -862 -17898
    488   -826 -17928
    462   -828 -17926
    484   -840 -17926
    476   -850 -17872
    492   -846 -17868
    472   -834 -17896
    492   -862 -17892
    466   -826 -17912
    500   -848 -17910
    496   -854 -17952
    486   -840 -17946
    496   -870 -17964
    468   -832 -17934
    480   -838 -17924
    458   -860 -17924
    478   -838 -17932
    484   -852 -17920
    488   -884 -17906
    492   -842 -17898
    504   -868 -17880
    464   -830 -17922
    476   -826 -17864
    460   -834 -17916
    466   -844 -17868
    494   -838 -17906
    502   -838 -17886
    504   -860 -17922
    492   -848 -17924
    478   -848 -17896
    492   -862 -17906
    498   -844 -17922
    518   -830 -17944
    484   -800 -17916
    496   -856 -17912
    486   -818 -17894
    504   -828 -17910
    498   -844 -17904
    460   -848 -17888
    490   -862 -17956
    516   -826 -17874
    494   -862 -17928
    508   -858 -17900
    486   -860 -17928
    486   -862 -17916
    486   -834 -17940
    494   -812 -17894
    498   -830 -17934
    510   -832 -17914
    464   -852 -17978
    460   -850 -17918
    508   -852 -17902
    502   -850 -17914
    494   -842 -17910
    472   -848 -17938
    484   -826 -17912
    502   -844 -17942
    494   -866 -17894
    504   -866 -17944
    464   -842 -17934
    498   -842 -17938
    460   -838 -17918
    510   -852 -17906
    516   -868 -17940
    482   -850 -17852
    486   -858 -17898
    500   -832 -17906
    498   -836 -17892
    476   -842 -17928
    532   -866 -17880
    486   -876 -17916
    492   -838 -17954
    510   -856 -17938
    514   -842 -17886
    470   -830 -17922
    474   -846 -17908
    486   -826 -17920
    478   -822 -17912
    508   -832 -17930
    516   -832 -17938
    486   -850 -17948
    478   -860 -17930
    484   -862 -17916
    484   -852 -17920
    512   -846 -17892
    484   -832 -17904
    504   -866 -17904
    532   -822 -17918
    506   -828 -17942
    502   -868 -17894
    484   -834 -17916
    504   -832 -17860
    492   -834 -17916
    494   -848 -17928
    476   -832 -17950
    508   -822 -17880
    494   -852 -17888
    492   -832 -17912
    496   -846 -17906
    476   -866 -17916
    456   -850 -17932
    518   -830 -17948
    460   -846 -17954
    492   -838 -17914
    516   -820 -17916
    502   -854 -17888
    486   -866 -17910
    478   -850 -17892
    514   -844 -17924
    514   -864 -17920
    478   -858 -17884
    496   -844 -17918
    504   -834 -17904
    514   -826 -17912
    476   -856 -17890
    514   -844 -17888
    470   -840 -17898
    508   -834 -17936
    508   -856 -17938
    502   -836 -17924
    508   -856 -17956
    472   -840 -17912
    504   -860 -17918
    468   -866 -17914
    492   -864 -17924
    472   -828 -17914
    506   -860 -17890
    472   -844 -17946
    484   -826 -17882
    508   -842 -17952
    496   -832 -17944
    498   -850 -17940
    492   -848 -17884
    494   -850 -17950
    508   -860 -17926
    504   -836 -17928
    478   -844 -17900
    464   -842 -17924
    514   -822 -17916
    498   -808 -17908
    476   -852 -17888
    506   -846 -17904
    510   -842 -17938
    510   -836 -17900
    512   -822 -17886
    506   -834 -17882
    518   -840 -17836
    544   -840 -17912
    502   -838 -17924
    486   -852 -17918
    524   -840 -17928
    492   -864 -17892
    516   -838 -17918
    474   -862 -17864
    482   -856 -17926
    488   -838 -17934
    500   -810 -17924
    490   -822 -17934
    496   -854 -17900
    484   -836 -17914
    516   -870 -17952
    484   -804 -17872
    484   -838 -17900
    498   -836 -17898
    484   -840 -17892
    482   -806 -17924
    494   -858 -17948
    480   -848 -17946
    488   -834 -17908
    504   -830 -17940
    514   -844 -17900
    486   -846 -17956
    494   -832 -17918
    498   -830 -17910
    476   -854 -17948
    474   -838 -17898
    508   -872 -17966
    514   -862 -17914
    510   -840 -17918
    486   -844 -17886
    496   -862 -17888
    484   -870 -17900
    502   -830 -17948
    464   -830 -17898
    502   -836 -17872
    514   -850 -17936
    500   -846 -17940
    522   -844 -17888
    492   -854 -17912
    456   -858 -17888
    488   -818 -17914
    492   -850 -17898
    496   -838 -17902
    476   -838 -17874
    492   -836 -17926
    502   -814 -17964
    506   -850 -17934
    490   -868 -17910
    550   -864 -17902
    540   -856 -17928
    506   -836 -17914
    522   -798 -17934
    484   -874 -17924
    508   -846 -17930
    518   -842 -17892
    484   -860 -17918
    490   -868 -17904
    476   -844 -17882
    450   -856 -17932
    470   -828 -17928
    512   -814 -17892
    494   -846 -17904
    534   -858 -17870
    486   -866 -17920
    504   -846 -17906
    500   -840 -17900
    490   -846 -17908
    464   -808 -17926
    508   -838 -17908
    498   -810 -17894
    496   -840 -17916
    482   -832 -17918
    484   -826 -17948
    522   -886 -17920
    488   -848 -17916
    516   -820 -17918
    500   -840 -17980
    472   -846 -17942
    458   -850 -17922
    494   -824 -17916
    500   -864 -17874
    480   -860 -17906
    504   -830 -17904
    482   -832 -17912
    496   -830 -17918
    506   -852 -17938
    494   -836 -17930
    492   -820 -17896
    504   -830 -17920
    494   -854 -17868
    514   -854 -17896
    494   -836 -17858
    482   -840 -17888
    486   -834 -17932
    520   -826 -17904
    500   -854 -17918
    466   -842 -17900
    490   -860 -17876
    488   -828 -17914
    502   -838 -17918
    478   -848 -17896
    488   -858 -17894
    492   -868 -17906
    504   -856 -17900
    514   -854 -17926
    484   -834 -17904
    522   -858 -17948
    486   -848 -17880
    512   -832 -17902
    512   -834 -17912
    472   -836 -17866
    498   -826 -17936
    478   -858 -17922
    474   -820 -17944
    472   -834 -17902
    524   -850 -17944
    494   -868 -17898
    502   -848 -17912
    504   -864 -17926
    488   -828 -17898
    506   -838 -17932
    496   -862 -17916
    510   -842 -17898
    494   -824 -17892
    488   -820 -17924
    448   -846 -17920
    470   -840 -17892
    506   -838 -17878
    512   -860 -17916
    518   -824 -17914
    472   -852 -17916
    456   -852 -17886
    492   -834 -17900
    480   -828 -17934
    458   -862 -17942
    490   -848 -17956
    474   -822 -17916
    490   -884 -17950
    492   -846 -17920
    476   -844 -17922
    482   -858 -17894
    502   -848 -17946
    496   -870 -17936
    510   -862 -17902
    488   -858 -17938
    504   -846 -17930
    506   -834 -17946
    492   -856 -17894
    482   -858 -17874
    484   -854 -17886
    476   -854 -17944
    484   -818 -17916
    482   -862 -17862
    530   -810 -17956
    492   -842 -17882
    492   -850 -17924
    524   -836 -17892
    512   -848 -17900
    492   -862 -17888
    502   -844 -17926
    492   -812 -17960
    476   -834 -17916
    516   -864 -17944
    506   -836 -17884
    514   -832 -17932
    514   -824 -17926
    480   -854 -17892
    512   -846 -17942
    520   -848 -17908
    486   -836 -17908
    458   -838 -17956
    482   -862 -17904
    460   -850 -17932
    486   -826 -17914
    512   -800 -17882
    512   -836 -17890
    502   -862 -17944
    504   -844 -17932
    520   -850 -17942
    488   -866 -17934
    482   -806 -17914
    476   -848 -17940
    454   -828 -17942
    476   -848 -17916
    490   -848 -17894
    476   -876 -17882
    570   -810 -17906
    484   -846 -17874
    460   -852 -17898
    476   -848 -17882
    508   -848 -17964
    492   -864 -17924
    482   -824 -17922
    470   -870 -17906
    484   -802 -17866
    510   -864 -17908
    490   -816 -17868
    466   -850 -17858
    468   -836 -17910
    476   -858 -17898
    478   -854 -17912
    490   -832 -17916
    530   -862 -17888
    496   -864 -17920
    484   -848 -17932
    470   -858 -17890
    496   -818 -17888
    470   -860 -17938
    506   -820 -17976
    482   -856 -17882
    502   -846 -17956
    504   -852 -17870
    490   -840 -17882
    478   -838 -17894
    484   -858 -17878
    462   -882 -17922
    484   -856 -17902
    482   -868 -17906
    528   -820 -17942
    508   -856 -17892
    486   -832 -17944
    488   -844 -17902
    508   -834 -17902
    478   -850 -17962
    516   -854 -17904
    498   -848 -17904
    500   -848 -17904
    482   -836 -17872
    488   -838 -17920
    470   -826 -17948
    510   -862 -17984
    496   -832 -17924
    484   -856 -17866
    498   -844 -17922
    490   -842 -17904
    482   -842 -17924
    510   -844 -17886
    516   -858 -17912
    484   -850 -17884
    458   -870 -17926
    486   -872 -17898
    462   -832 -17894
    514   -870 -17932
    460   -840 -17884
    478   -838 -17924
    484   -844 -17958
    486   -858 -17956
    462   -866 -17894
    498   -856 -17886
    514   -856 -17888
    510   -838 -17926
    500   -870 -17898
    502   -840 -17902
    514   -820 -17934
    520   -842 -17906
    500   -850 -17924
    500   -834 -17886
    486   -856 -17932
    486   -854 -17962
    504   -866 -17920
    472   -812 -17936
    510   -836 -17926
    494   -816 -17942
    490   -854 -17904
    462   -832 -17958
    482   -812 -17944
    516   -826 -17904
    518   -828 -17916
    510   -842 -17924
    488   -820 -17904
    480   -834 -17896
    498   -836 -17866
    522   -846 -17920
    492   -834 -17974
    494   -850 -17932
    478   -828 -17946
    474   -832 -17958
    472   -854 -17956
    508   -844 -17908
    494   -848 -17886
    504   -836 -17926
    470   -850 -17918
    500   -826 -17910
    488   -834 -17924
    512   -856 -17958
    486   -850 -17936
    482   -856 -17920
    490   -840 -17928
    492   -860 -17902
    488   -858 -17950
    522   -852 -17936
    494   -878 -17846
    520   -836 -17892
    514   -840 -17914
    470   -854 -17920
    486   -824 -17914
    504   -844 -17858
    480   -810 -17894
    500   -818 -17904
    504   -838 -17884
    506   -852 -17932
    490   -814 -17952
    486   -856 -17900
    500   -856 -17944
    460   -842 -17900
    510   -812 -17868
    464   -854 -17856
    524   -828 -17900
    460   -852 -17902
    454   -858 -17926
    498   -832 -17968
    486   -850 -17874
    484   -848 -17934
    478   -862 -17924
    506   -820 -17940
    476   -848 -17900
    482   -868 -17902
    504   -850 -17858
    514   -860 -17948
    488   -852 -17930
    480   -852 -17908
    520   -854 -17876
    494   -850 -17902
    500   -856 -17896
    510   -820 -17956
    484   -812 -17910
    484   -820 -17912
    486   -842 -17882
    468   -846 -17878
    486   -844 -17864
    504   -860 -17928
    488   -868 -17894
    514   -840 -17906
    486   -834 -17920
    514   -838 -17866
    482   -836 -17912
    522   -844 -17948
    504   -858 -17930
    506   -876 -17932
    474   -848 -17940
    500   -836 -17930
    512   -850 -17922
    502   -842 -17930
    492   -838 -17918
    470   -854 -17920
    474   -852 -17936
    504   -844 -17976
    514   -838 -17904
    506   -880 -17950
    490   -880 -17904
    500   -860 -17946
    488   -840 -17916
    494   -854 -17898
    488   -870 -17912
    472   -832 -17932
    470   -850 -17904
    490   -854 -17942
    470   -846 -17896
    458   -830 -17906
    510   -828 -17972
    498   -814 -17922
    492   -832 -17880
    520   -860 -17914
    480   -842 -17890
    494   -842 -17876
    490   -822 -17956
    474   -818 -17930
    464   -842 -17938
    484   -852 -17882
    510   -830 -17900
    490   -856 -17884
    514   -828 -17866
    508   -838 -17940
    484   -834 -17926
    448   -818 -17892
    510   -848 -17932
    506   -840 -17942
    482   -846 -17910
    518   -832 -17950
    460   -846 -17908
    480   -856 -17914
    480   -842 -17922
    506   -834 -17930
    496   -828 -17880
    472   -858 -17884
    442   -828 -17930
    466   -868 -17920
    482   -838 -17926
    500   -842 -17922
    500   -854 -17908
    526   -852 -17878
    494   -812 -17924
    502   -848 -17932
    490   -868 -17926
    486   -858 -17944
    482   -836 -17904
    480   -836 -17938
    502   -866 -17870
    488   -844 -17914
    526   -846 -17938
    510   -852 -17938
    512   -832 -17890
    508   -828 -17872
    522   -830 -17900
    484   -828 -17944
    488   -834 -17916
    486   -834 -17902
    478   -824 -17890
    486   -850 -17922
    502   -848 -17890
    476   -852 -17904
    478   -860 -17900
    488   -856 -17918
    504   -846 -17910
    528   -832 -17878
    498   -854 -17900
    482   -814 -17908
    522   -828 -17896
    518   -828 -17848
    512   -832 -17910
    462   -826 -17918
    482   -840 -17954
    504   -860 -17936
    478   -830 -17860
    512   -866 -17902
    482   -836 -17888
    484   -820 -17934
    504   -838 -17932
    506   -840 -17900
    508   -876 -17914
    498   -866 -17902
    516   -864 -17920
    496   -812 -17906
    492   -824 -17932
    472   -844 -17894
    468   -822 -17908
    506   -838 -17850
    508   -842 -17902
    494   -852 -17944
    512   -848 -17906
    494   -842 -17926
    476   -890 -17930
    498   -822 -17892
    484   -826 -17920
    482   -856 -17922
    472   -840 -17944
    500   -844 -17870
    502   -830 -17942
    508   -856 -17874
    482   -826 -17940
    470   -814 -17904
    496   -846 -17870
    484   -836 -17908
    550   -838 -17886
    480   -848 -17916
    498   -850 -17910
    474   -854 -17938
    508   -848 -17956
    484   -874 -17940
    480   -828 -17884
    490   -866 -17900
    492   -864 -17922
    482   -844 -17940
    516   -874 -17914
    476   -858 -17926
    480   -850 -17934
    478   -840 -17934
    496   -850 -17922
    488   -844 -17928
    490   -840 -17890
    486   -852 -17886
    492   -842 -17950
    500   -832 -17918
    502   -842 -17882
    466   -856 -17912
    480   -852 -17864
    498   -844 -17876
    484   -824 -17872
    502   -848 -17940
    506   -830 -17950
    494   -830 -17944
    488   -840 -17938
    478   -820 -17914
    490   -880 -17912
    496   -822 -17902
    486   -830 -17874
    480   -820 -17896
    474   -852 -17924
    456   -844 -17878
    506   -832 -17908
    486   -860 -17950
    522   -852 -17920
    494   -838 -17922
    526   -844 -17868
    474   -888 -17886
    526   -828 -17880
    490   -820 -17924
    454   -842 -17886
    478   -832 -17904
    468   -840 -17940
    476   -858 -17936
    490   -826 -17948
    478   -872 -17926
    480   -866 -17910
    514   -848 -17918
    526   -842 -17910
    506   -830 -17894
    490   -844 -17890
    474   -832 -17908
    488   -830 -17946
    486   -830 -17872
    486   -868 -17910
    514   -834 -17892
    490   -862 -17860
    510   -818 -17882
    482   -824 -17868
    500   -862 -17918
    492   -862 -17898
    466   -838 -17940
    494   -812 -17904
    522   -832 -17938
    484   -840 -17894
    476   -860 -17952
    522   -842 -17902
    484   -842 -17948
    494   -852 -17872
    490   -860 -17898
    496   -866 -17918
    478   -836 -17914
    470   -820 -17902
    482   -858 -17954
    504   -850 -17926
    504   -854 -17944
    488   -848 -17914
    540   -844 -17914
    486   -858 -17912
    496   -838 -17922
    474   -848 -17930
    474   -862 -17878
    508   -858 -17964
    502   -818 -17926
    510   -880 -17936
    500   -858 -17952
    494   -848 -17970
    504   -866 -17880
    492   -870 -17882
    518   -848 -17888
    472   -882 -17894
    474   -838 -17906
    498   -834 -17878
    508   -836 -17928
    492   -848 -17916
    508   -836 -17920
    464   -844 -17932
    494   -846 -17934
    522   -854 -17910
    476   -854 -17920
    494   -876 -17886
    478   -838 -17946
    466   -850 -17902
    476   -844 -17892
    502   -834 -17916
    506   -828 -17946
    492   -836 -17926
    480   -830 -17896
    476   -856 -17926
    498   -862 -17916
    496   -848 -17914
    466   -878 -17940
    516   -854 -17930
    504   -824 -17926
    506   -826 -17930
    462   -810 -17906
    484   -838 -17894
    482   -836 -17924
    492   -842 -17908
    472   -824 -17898
    470   -852 -17888
    494   -848 -17926
    510   -808 -17920
    478   -844 -17904
    490   -852 -17924
    466   -810 -17916
    502   -840 -17938
    508   -864 -17922
    488   -822 -17928
    494   -870 -17898
    486   -862 -17910
    512   -816 -17922
    494   -826 -17964
    492   -848 -17894
    472   -838 -17900
    526   -822 -17944
    484   -850 -17956
    480   -852 -17902
    470   -822 -17894
    482   -842 -17896
    460   -870 -17936
    494   -832 -17940
    498   -838 -17860
    494   -852 -17888
    464   -868 -17936
    496   -830 -17954
    470   -820 -17886
    508   -824 -17944
    478   -866 -17898
    474   -866 -17936
    512   -842 -17914
    462   -832 -17928
    498   -856 -17912
    492   -834 -17912
    504   -860 -17936
    470   -862 -17882
    494   -824 -17866
    502   -830 -17968
    518   -856 -17948
    498   -868 -17914
    496   -874 -17920
    446   -832 -17910
    492   -844 -17922
    502   -866 -17900
    466   -850 -17936
    496   -852 -17942
    456   -862 -17908
    488   -824 -17922
    464   -848 -17922
    494   -842 -17920
    486   -840 -17942
    478   -838 -17934
    490   -878 -17938
    506   -872 -17920
    504   -834 -17888
    508   -858 -17890
    478   -846 -17874
    496   -844 -17910
    456   -864 -17908
    500   -832 -17902
    470   -858 -17936
    492   -816 -17886
    468   -830 -17896
    496   -850 -17940
    498   -870 -17904
    482   -832 -17908
    490   -856 -17884
    490   -824 -17928
    494   -860 -17918
    506   -866 -17964
    480   -848 -17880
    496   -816 -17884
    514   -850 -17950
    512   -860 -17926
    496   -826 -17916
    490   -830 -17898
    494   -838 -17886
    496   -834 -17910
    498   -820 -17910
    482   -850 -17914
    504   -826 -17884
    530   -836 -17920
    512   -848 -17910
    490   -844 -17920
    494   -814 -17912
    468   -808 -17914
    486   -826 -17906
    494   -858 -17898
    498   -818 -17870
    498   -828 -17900
    524   -826 -17900
    452   -836 -17960
    512   -846 -17910
    480   -838 -17912
    508   -842 -17952
    470   -826 -17952
    500   -844 -17932
    484   -842 -17916
    482   -852 -17890
    460   -860 -17892
    504   -838 -17880
    480   -806 -17906
    514   -814 -17892
    490   -828 -17932
    468   -858 -17900
    478   -836 -17912
    486   -842 -17890
    514   -854 -17956
    492   -830 -17856
    486   -814 -17888
    482   -820 -17922
    476   -838 -17964
    496   -806 -17880
    490   -834 -17918
    470   -854 -17966
    512   -818 -17966
    466   -850 -17922
    496   -872 -17912
    530   -862 -17878
    496   -852 -17902
    514   -858 -17918
    482   -852 -17904
    476   -818 -17914
    504   -850 -17896
    482   -860 -17866
    496   -872 -17920
    512   -844 -17910
    512   -852 -17900
    484   -878 -17918
    508   -858 -17928
    512   -846 -17910
    512   -834 -17914
    470   -840 -17946
    470   -844 -17920
    470   -868 -17932
    472   -854 -17912
    512   -816 -17890
    492   -856 -17898
    500   -836 -17922
    496   -814 -17928
    504   -828 -17928
    478   -844 -17886
    474   -856 -17914
    490   -834 -17918
    458   -854 -17896
    492   -834 -17938
    508   -836 -17914
    478   -836 -17900
    508   -834 -17936
    448   -864 -17932
    486   -850 -17892
    518   -862 -17928
    490   -848 -17938
    502   -840 -17916
    478   -874 -17890
    464   -858 -17908
    506   -842 -17916
    502   -858 -17890
    486   -810 -17960
    530   -836 -17916
    472   -820 -17918
    490   -866 -17908
    476   -864 -17936
    502   -854 -17888
    466   -836 -17904
    490   -828 -17932
    492   -846 -17914
    500   -856 -17886
    504   -834 -17940
    474   -832 -17936
    472   -834 -17928
    486   -850 -17898
    504   -838 -17922
    502   -802 -17898
    500   -840 -17910
    488   -854 -17936
    510   -836 -17896
    494   -828 -17946
    460   -842 -17916
    480   -840 -17882
    502   -854 -17936
    486   -836 -17942
    504   -868 -17936
    482   -848 -17880
    494   -856 -17918
    510   -878 -17918
    492   -836 -17932
    510   -838 -17930
    514   -846 -17918
    484   -832 -17914
    500   -826 -17954
    466   -818 -17904
    486   -848 -17900
    470   -852 -17916
    484   -856 -17880
    476   -842 -17904
    476   -850 -17974
    504   -866 -17910
    522   -832 -17894
    506   -830 -17898
    500   -854 -17938
    454   -830 -17838
    504   -836 -17918
    502   -816 -17918
    504   -844 -17920
    506   -846 -17918
    488   -836 -17922
    500   -838 -17900
    490   -822 -17902
    484   -844 -17916
    510   -842 -17864
    484   -862 -17932
    492   -838 -17922
    504   -842 -17928
    468   -856 -17904
    492   -872 -17936
    492   -834 -17926
    506   -842 -17986
    520   -814 -17900
    482   -866 -17912
    482   -828 -17920
    488   -840 -17892
    510   -836 -17904
    518   -874 -17876
    490   -862 -17926
    482   -834 -17908
    472   -848 -17942
    512   -854 -17896
    502   -844 -17910
    526   -820 -17918
    480   -828 -17908
    454   -842 -17902
    478   -858 -17906
    482   -854 -17888
    474   -850 -17910
    500   -840 -17932
    472   -838 -17938
    506   -860 -17932
    518   -826 -17926
    492   -818 -17916
    522   -848 -17916
    504   -858 -17864
    476   -844 -17918
    496   -870 -17938
    510   -822 -17926
    508   -858 -17886
    488   -832 -17924
    510   -844 -17932
    488   -824 -17908
    496   -876 -17916
    484   -844 -17924
    510   -834 -17948
    504   -868 -17942
    502   -836 -17922
    482   -858 -17906
    526   -810 -17916
    504   -842 -17888
    474   -852 -17938
    466   -844 -17928
    484   -838 -17902
    492   -846 -17932
    520   -874 -17914
    506   -840 -17890
    500   -842 -17942
    510   -842 -17928
    500   -836 -17922
    496   -838 -17924
    488   -874 -17912
    498   -862 -17900
    486   -836 -17934
    474   -838 -17916
    480   -870 -17858
    448   -862 -17914
    484   -830 -17946
    484   -840 -17924
    474   -824 -17888
    496   -842 -17926
    476   -838 -17956
    480   -838 -17900
    498   -890 -17910
    510   -840 -17880
    496   -844 -17924
    474   -856 -17898
    512   -838 -17904
    492   -840 -17992
    486   -866 -17902
    464   -872 -17892
    486   -866 -17892
    468   -848 -17848
    492   -834 -17864
    496   -856 -17942
    466   -856 -17944
    456   -830 -17902
    506   -834 -17934
    498   -842 -17926
    482   -818 -17924
    480   -848 -17910
    482   -818 -17904
    468   -838 -17890
    500   -826 -17926
    450   -850 -17894
    492   -842 -17938
    486   -862 -17880
    466   -848 -17904
    498   -824 -17934
    488   -834 -17938
    494   -866 -17950
    462   -844 -17926
    500   -864 -17912
    462   -876 -17898
    462   -834 -17920
    514   -814 -17844
    502   -846 -17956
    476   -860 -17902
    506   -844 -17884
    472   -836 -17924
    488   -876 -17916
    488   -824 -17886
    486   -842 -17904
    494   -848 -17904
    532   -842 -17866
    504   -846 -17866
    482   -834 -17894
    488   -856 -17904
    516   -862 -17904
    500   -818 -17924
    498   -836 -17880
    476   -836 -17928
    484   -830 -17916
    496   -836 -17946
    480   -848 -17904
    450   -836 -17890
    498   -882 -17944
    462   -852 -17924
    490   -848 -17974
    478   -830 -17942
    492   -872 -17874
    506   -840 -17948
    500   -856 -17924
    498   -840 -17902
    490   -862 -17910
    476   -812 -17906
    474   -848 -17936
    470   -840 -17888
    496   -854 -17884
    494   -852 -17924
    492   -836 -17900
    480   -798 -17902
    510   -814 -17904
    472   -818 -17896
    502   -862 -17932
    504   -842 -17894
    470   -866 -17906
    494   -846 -17938
    516   -836 -17906
    518   -870 -17904
    480   -880 -17932
    492   -840 -17912
    480   -842 -17908
    504   -858 -17896
    490   -862 -17944
    498   -850 -17948
    500   -820 -17936
    510   -858 -17892
    484   -874 -17892
    466   -844 -17868
    502   -852 -17908
    468   -858 -17910
    488   -854 -17924
    462   -848 -17952
    508   -842 -17918
    482   -862 -17898
    504   -850 -17908
    478   -826 -17968
    490   -820 -17868
    488   -856 -17918
    502   -842 -17926
    512   -858 -17908
    466   -860 -17948
    474   -846 -17938
    488   -830 -17904
    492   -886 -17950
    478   -834 -17974
    552   -852 -17970
    506   -846 -17904
    492   -822 -17910
    510   -856 -17932
    502   -804 -17906
    474   -830 -17902
    498   -842 -17904
    510   -840 -17914
    494   -844 -17912
    470   -828 -17938
    492   -862 -17904
    502   -844 -17902
    484   -830 -17904
    468   -846 -17874
    488   -842 -17942
    486   -850 -17906
    498   -858 -17934
    512   -848 -17934
    512   -832 -17958
    472   -850 -17964
    498   -814 -17924
    512   -864 -17884
    466   -880 -17904
    458   -862 -17916
    504   -852 -17918
    496   -836 -17898
    486   -856 -17928
    510   -836 -17922
    474   -806 -17866
    456   -868 -17916
    514   -852 -17918
    496   -846 -17912
    496   -812 -17916
    498   -854 -17934
    522   -848 -17876
    462   -858 -17926
    510   -844 -17948
    514   -844 -17932
    498   -846 -17882
    510   -864 -17900
    518   -830 -17892
    484   -846 -17950
    514   -836 -17926
    474   -812 -17918
    462   -854 -17942
    492   -850 -17944
    490   -826 -17920
    486   -866 -17942
    496   -852 -17868
    510   -840 -17934
    480   -856 -17934
    504   -824 -17910
    508   -850 -17916
    518   -854 -17944
    472   -846 -17954
    490   -812 -17914
    494   -842 -17936
    470   -816 -17880
    514   -852 -17952
    520   -832 -17888
    502   -842 -17898
    510   -816 -17916
    486   -854 -17916
    514   -862 -17886
    502   -840 -17906
    510   -836 -17910
    492   -832 -17932
    514   -854 -17938
    498   -844 -17926
    506   -812 -17942
    486   -848 -17904
    486   -842 -17942
    500   -826 -17906
    518   -842 -17866
    496   -872 -17908
    470   -844 -17904
    484   -854 -17890
    462   -850 -17870
    472   -840 -17930
    478   -848 -17916
    492   -830 -17938
    490   -846 -17956
    516   -830 -17932
    496   -842 -17868
    484   -828 -17926
    484   -802 -17900
    484   -836 -17876
    478   -836 -17890
    514   -808 -17900
    490   -858 -17950
    508   -824 -17936
    466   -812 -17852
    482   -828 -17870
    496   -860 -17896
    480   -854 -17896
    504   -850 -17916
    490   -818 -17918
    494   -848 -17868
    484   -836 -17928
    506   -854 -17910
    480   -838 -17942
    446   -834 -17920
    504   -838 -17948
    492   -852 -17980
    496   -866 -17906
    472   -834 -17912
    504   -850 -17940
    520   -862 -17892
    480   -882 -17922
    490   -872 -17908
    506   -834 -17852
    506   -826 -17868
    486   -838 -17896
    506   -848 -17928
    484   -854 -17880
    476   -822 -17900
    492   -806 -17890
    470   -842 -17844
    502   -850 -17902
    458   -856 -17918
    486   -830 -17900
    478   -836 -17930
    490   -860 -17922
    472   -852 -17904
    502   -832 -17902
    510   -848 -17904
    506   -856 -17926
    482   -828 -17922
    478   -848 -17928
    488   -854 -17922
    500   -850 -17906
    488   -856 -17924
    466   -836 -17898
    486   -864 -17928
    494   -848 -17894
    492   -838 -17960
    496   -828 -17930
    472   -854 -17900
    522   -838 -17902
    490   -824 -17950
    468   -844 -17936
    502   -852 -17910
    476   -836 -17886
    512   -854 -17896
    474   -852 -17894
    480   -826 -17854
    488   -824 -17926
    468   -844 -17938
    482   -826 -17924
    452   -844 -17918
    504   -830 -17906
    512   -848 -17910
    482   -842 -17916
    468   -828 -17900
    494   -842 -17930
    482   -850 -17934
    500   -840 -17890
    512   -856 -17934
    480   -836 -17952
    466   -850 -17900
    504   -842 -17884
    482   -856 -17900
    476   -862 -17910
    474   -832 -17930
    474   -828 -17910
    508   -846 -17940
    496   -862 -17938
    498   -852 -17950
    496   -834 -17950
    462   -826 -17952
    492   -830 -17896
    492   -836 -17922
    478   -826 -17932
    492   -894 -17946
    500   -870 -17878
    502   -862 -17944
    516   -854 -17886
    504   -824 -17906
    480   -816 -17936
    490   -848 -17898
    520   -834 -17910
    510   -852 -17886
    484   -852 -17968
    484   -870 -17932
    496   -844 -17938
    478   -834 -17914
    508   -834 -17936
    480   -836 -17944
    460   -836 -17940
    474   -830 -17916
    508   -852 -17930
    500   -830 -17908
    486   -844 -17918
    528   -850 -17944
    516   -828 -17900
    508   -872 -17944
    526   -842 -17936
    488   -852 -17926
    500   -852 -17920
    496   -840 -17898
    544   -844 -17894
    508   -856 -17892
    502   -820 -17916
    480   -822 -17852
    520   -834 -17892
    490   -850 -17898
    472   -840 -17930
    524   -856 -17954
    514   -854 -17914
    502   -840 -17958
    480   -856 -17906
    506   -828 -17898
    508   -828 -17894
    486   -882 -17916
    506   -838 -17904
    486   -820 -17934
    502   -840 -17950
    490   -822 -17910
    502   -878 -17886
    492   -882 -17906
    472   -844 -17912
    514   -850 -17910
    514   -850 -17916
    472   -856 -17908
    498   -854 -17950
    508   -864 -17968
    510   -866 -17942
    450   -836 -17926
    492   -856 -17898
    480   -870 -17920
    502   -796 -17940
    478   -844 -17902
    488   -850 -17952
    482   -862 -17880
    484   -834 -17908
    504   -840 -17928
    500   -848 -17962
    506   -860 -17934
    506   -844 -17950
    506   -866 -17932
    504   -834 -17898
    496   -816 -17904
    492   -846 -17890
    498   -844 -17892
    500   -846 -17916
    484   -846 -17974
    508   -832 -17894
    500   -822 -17896
    510   -846 -17942
    510   -824 -17900
    482   -870 -17900
    512   -854 -17896
    486   -842 -17902
    474   -820 -17906
    508   -856 -17922
    498   -820 -17942
    482   -832 -17928
    524   -812 -17876
    478   -860 -17902
    476   -838 -17884
    474   -848 -17908
    496   -834 -17942
    476   -804 -17930
    486   -824 -17916
    516   -826 -17922
    514   -864 -17910
    492   -848 -17952
    524   -834 -17930
    482   -868 -17888
    508   -856 -17922
    496   -856 -17884
    476   -830 -17956
    468   -836 -17896
    482   -818 -17926
    486   -858 -17954
    498   -838 -17912
    490   -856 -17896
    476   -838 -17886
    476   -830 -17890
    506   -832 -17942
    512   -838 -17928
    480   -836 -17916
    462   -840 -17906
    494   -858 -17926
    480   -814 -17884
    500   -824 -17918
    500   -846 -17920
    484   -818 -17992
    508   -858 -17914
    496   -870 -17912
    470   -828 -17924
    504   -840 -17922
    510   -824 -17934
    494   -836 -17926
    490   -872 -17902
    498   -838 -17876
    508   -852 -17860
    474   -842 -17914
    524   -802 -17920
    518   -844 -17954
    494   -854 -17934
    472   -846 -17882
    474   -838 -17920
    510   -838 -17936
    480   -856 -17916
    514   -832 -17928
    522   -812 -17892
    476   -846 -17900
    502   -838 -17930
    520   -852 -17912
    520   -854 -17954
    502   -812 -17910
    480   -830 -17914
    486   -860 -17964
    480   -856 -17920
    496   -828 -17942
    530   -832 -17924
    496   -842 -17922
    504   -826 -17970
    498   -846 -17910
    504   -850 -17886
    454   -864 -17896
    488   -834 -17896
    474   -846 -17914
    510   -820 -17942
    460   -842 -17926
    490   -842 -17938
    472   -838 -17956
    492   -858 -17922
    468   -828 -17918
    504   -834 -17942
    478   -844 -17900
    474   -872 -17932
    510   -842 -17878
    494   -840 -17904
    484   -832 -17964
    488   -848 -17878
    502   -860 -17968
    492   -836 -17902
    490   -856 -17870
    502   -808 -17880
    510   -860 -17906
    514   -856 -17930
    484   -882 -17930
    496   -840 -17880
    492   -854 -17886
    486   -852 -17924
    514   -816 -17878
    512   -860 -17940
    500   -854 -17900
    484   -852 -17874
    486   -840 -17884
    488   -878 -17912
    464   -840 -17960
    468   -836 -17924
    468   -854 -17926
    490   -848 -17948
    470   -826 -17924
    506   -852 -17896
    510   -844 -17944
    500   -860 -17944
    496   -860 -17900
    484   -852 -17946
    460   -862 -17972
    510   -876 -17886
    480   -840 -17920
    516   -870 -17916
    484   -822 -17934
    500   -866 -17922
    494   -842 -17900
    492   -798 -17908
    486   -866 -17906
    478   -834 -17902
    498   -868 -17906
    496   -864 -17880
    514   -834 -17886
    492   -854 -17908
    476   -864 -17930
    470   -858 -17870
    500   -832 -17900
    508   -842 -17888
    500   -858 -17932
    492   -850 -17894
    470   -812 -17930
    492   -860 -17912
    480   -872 -17922
    464   -850 -17874
    500   -844 -17914
    476   -838 -17954
    478   -836 -17900
    508   -836 -17902
    508   -854 -17932
    510   -856 -17916
    464   -848 -17894
    500   -856 -17974
    500   -854 -17918
    482   -838 -17938
    472   -828 -17952
    462   -798 -17912
    490   -824 -17922
    490   -878 -17862
    462   -874 -17894
    492   -864 -17942
    524   -860 -17928
    508   -866 -17906
    508   -862 -17934
    506   -842 -17958
    464   -856 -17872
    482   -856 -17936
    510   -834 -17944
    504   -846 -17902
    510   -862 -17952
    488   -850 -17890
    492   -830 -17866
    512   -840 -17914
    496   -836 -17906
    488   -840 -17888
    482   -848 -17892
    494   -884 -17862
    518   -834 -17918
    494   -822 -17878
    462   -836 -17926
    502   -852 -17900
    542   -850 -17936
    478   -880 -17910
    494   -838 -17904
    480   -874 -17898
    464   -874 -17950
    480   -848 -17900
    522   -836 -17922
    476   -846 -17898
    506   -840 -17852
    480   -838 -17928
    516   -848 -17902
    510   -802 -17934
    528   -838 -17926
    500   -822 -17892
    522   -836 -17904
    484   -846 -17846
    454   -838 -17936
    462   -846 -17954
    470   -832 -17928
    504   -856 -17918
    494   -880 -17928
    502   -844 -17894
    478   -862 -17928
    478   -838 -17912
    510   -848 -17908
    510   -840 -17906
    462   -832 -17912
    496   -826 -17902
    526   -836 -17896
    518   -846 -17906
    526   -830 -17902
    472   -846 -17914
    526   -834 -17906
    490   -820 -17960
    492   -852 -17902
    498   -854 -17894
    482   -874 -17942
    484   -836 -17908
    470   -850 -17916
    480   -834 -17910
    494   -860 -17930
    474   -848 -17938
    484   -858 -17884
    496   -812 -17964
    480   -832 -17896
    480   -834 -17864
    486   -880 -17928
    478   -852 -17934
    502   -856 -17916
    430   -848 -17920
    530   -846 -17886
    494   -824 -17898
    502   -814 -17900
    510   -818 -17888
    502   -832 -17926
    486   -856 -17876
    498   -846 -17908
    504   -848 -17894
    496   -852 -17922
    482   -876 -17908
    460   -866 -17934
    516   -844 -17922
    488   -868 -17900
    504   -832 -17904
    508   -836 -17918
    504   -848 -17912
    504   -858 -17940
    508   -862 -17912
    512   -836 -17882
    500   -848 -17904
    528   -846 -17916
    502   -834 -17892
    488   -828 -17876
    482   -828 -17898
    504   -828 -17940
    498   -880 -17894
    522   -822 -17942
    492   -848 -17914
    496   -822 -17892
    484   -840 -17892
    490   -844 -17954
    474   -828 -17882
    482   -840 -17916
    490   -854 -17894
    482   -822 -17910
    486   -842 -17878
    484   -812 -17948
    502   -850 -17900
    504   -832 -17878
    492   -866 -17932
    468   -820 -17898
    520   -848 -17930
    520   -830 -17876
    508   -830 -17910
    480   -828 -17928
    492   -824 -17906
    506   -848 -17924
    482   -858 -17936
    506   -868 -17934
    516   -848 -17866
    494   -862 -17958
    516   -858 -17892
    490   -856 -17906
    484   -874 -17906
    496   -842 -17900
    494   -844 -17932
    486   -858 -17922
    494   -858 -17924
    528   -848 -17878
    508   -810 -17936
    466   -824 -17944
    502   -834 -17918
    486   -842 -17894
    456   -838 -17888
    506   -856 -17910
    504   -878 -17946
    474   -834 -17906
    500   -830 -17908
    488   -858 -17890
    488   -866 -17890
    520   -862 -17912
    502   -848 -17966
    490   -848 -17922
    516   -832 -17924
    486   -856 -17932
    476   -860 -17892
    514   -838 -17924
    494   -858 -17890
    494   -856 -17926
    504   -852 -17918
    454   -858 -17908
    512   -866 -17912
    482   -876 -17916
    520   -860 -17910
    500   -860 -17920
    498   -838 -17928
    490   -836 -17932
    494   -814 -17930
    530   -842 -17962
    490   -844 -17920
    492   -870 -17924
    508   -832 -17942
    482   -874 -17860
    492   -836 -17938
    472   -860 -17916
    486   -854 -17918
    452   -844 -17906
    478   -864 -17896
    490   -854 -17896
    482   -860 -17956
    490   -848 -17900
    486   -850 -17874
    520   -840 -17878
    524   -808 -17928
    484   -836 -17912
    516   -830 -17918
    508   -868 -17940
    450   -848 -17934
    464   -840 -17896
    500   -854 -17900
    480   -816 -17906
    500   -830 -17944
    448   -854 -17948
    500   -856 -17908
    526   -852 -17904
    488   -864 -17906
    494   -834 -17946
    488   -850 -17896
    470   -832 -17896
    444   -856 -17912
    514   -870 -17932
    522   -854 -17898
    498   -830 -17938
    478   -828 -17938
    488   -834 -17912
    500   -862 -17856
    498   -868 -17922
    486   -816 -17888
    500   -830 -17932
    492   -874 -17886
    452   -856 -17884
    486   -862 -17898
    486   -832 -17948
    496   -810 -17912
    480   -822 -17898
    492   -846 -17928
    460   -834 -17876
    476   -840 -17894
    464   -828 -17914
    464   -822 -17948
    450   -846 -17934
    456   -846 -17884
    490   -854 -17890
    482   -874 -17924
    500   -850 -17890
    478   -844 -17892
    490   -816 -17916
    496   -804 -17904
    492   -840 -17938
    514   -824 -17940
    508   -812 -17914
    500   -844 -17938
    512   -842 -17906
    516   -820 -17928
    468   -848 -17912
    492   -842 -17962
    520   -856 -17912
    488   -848 -17938
    512   -850 -17944
    460   -822 -17934
    478   -848 -17914
    524   -828 -17940
    520   -832 -17958
    498   -850 -17934
    508   -852 -17912
    510   -854 -17882
    506   -810 -17932
    476   -862 -17904
    496   -872 -17928
    526   -858 -17918
    502   -852 -17908
    492   -824 -17918
    524   -826 -17916
    492   -838 -17880
    500   -852 -17904
    494   -834 -17912
    490   -830 -17964
    452   -866 -17894
    490   -878 -17954
    460   -820 -17948
    484   -846 -17932
    450   -840 -17916
    494   -870 -17932
    490   -828 -17896
    514   -854 -17890
    502   -886 -17944
    496   -860 -17938
    524   -824 -17932
    510   -814 -17946
    470   -836 -17894
    554   -852 -17960
    490   -840 -17904
    510   -850 -17896
    492   -836 -17904
    494   -828 -17936
    478   -860 -17924
    498   -818 -17936
    510   -854 -17918
    504   -846 -17896
    462   -820 -17906
    500   -866 -17932
    482   -838 -17914
    498   -832 -17876
    494   -824 -17850
    514   -824 -17902
    516   -848 -17872
    514   -840 -17888
    498   -852 -17926
    518   -836 -17926
    498   -850 -17916
    496   -836 -17920
    482   -838 -17902
    510   -828 -17924
    528   -850 -17946
    504   -866 -17898
    502   -862 -17972
    470   -836 -17896
    464   -806 -17902
    520   -828 -17886
    486   -856 -17940
    478   -812 -17944
    492   -866 -17992
    514   -826 -17916
    468   -866 -17912
    484   -818 -17958
    476   -834 -17928
    486   -858 -17924
    502   -832 -17994
    516   -840 -17914
    480   -806 -17966
    488   -842 -17946
    486   -858 -17930
    502   -846 -17888
    490   -852 -17956
    480   -860 -17910
    496   -842 -17912
    466   -814 -17930
    496   -858 -17932
    466   -826 -17912
    514   -826 -17908
    508   -848 -17902
    494   -842 -17908
    490   -854 -17886
    510   -828 -17912
    496   -836 -17918
    498   -834 -17880
    516   -820 -17882
    486   -862 -17886
    486   -842 -17886
    498   -870 -17934
    498   -824 -17886
    480   -844 -17942
    480   -824 -17902
    472   -844 -17924
    476   -852 -17904
    508   -842 -17926
    498   -836 -17916
    512   -852 -17922
    494   -808 -17916
    494   -858 -17902
    476   -860 -17906
    494   -856 -17970
    480   -810 -17924
    486   -826 -17948
    502   -848 -17856
    486   -830 -18004
    490   -862 -17928
    512   -868 -17914
    502   -832 -17908
    528   -848 -17902
    540   -844 -17908
    488   -832 -17878
    480   -840 -17898
    516   -840 -17936
    464   -824 -17950
    490   -868 -17926
    476   -850 -17920
    482   -856 -17908
    484   -810 -17924
    492   -808 -17884
    536   -862 -17854
    500   -840 -17944
    498   -864 -17936
    484   -836 -17892
    510   -820 -17952
    524   -852 -17946
    482   -870 -17910
    504   -838 -17914
    516   -854 -17902
    506   -856 -17862
    496   -876 -17874
    502   -852 -17906
    482   -854 -17898
    484   -842 -17946
    482   -850 -17922
    494   -840 -17904
    458   -842 -17918
    510   -810 -17952
    518   -830 -17884
    482   -850 -17962
    488   -854 -17948
    478   -858 -17896
    488   -838 -17920
    522   -840 -17896
    484   -834 -17926
    482   -852 -17904
    492   -866 -17940
    504   -842 -17940
    510   -830 -17974
    472   -850 -17934
    524   -852 -17902
    478   -816 -17912
    486   -842 -17896
    520   -854 -17952
    500   -828 -17958
    542   -860 -17928
    488   -860 -1791