    936    -32  14978
    930    -32  14944
    912    -50  14978
    930    -48  15002
    924    -46  14984
    928    -56  14932
    930    -36  14996
    946    -80  15000
    944    -68  14980
    944    -36  15004
    926    -46  14974
    928    -54  14954
    952    -56  14948
    950    -18  15022
    926    -52  14962
    952    -60  15000
    928    -68  14996
    926    -40  14970
    930    -84  14996
    948    -28  15008
    958    -60  15012
    962    -10  14984
    934    -30  15044
    920    -50  14978
    942     -8  14992
    956    -44  14988
    942    -30  14978
    908    -52  14978
    944    -32  14986
    896    -62  14974
    948    -40  14972
    916    -54  14986
    932    -50  14970
    962    -62  14980
    962    -34  15002
    930    -40  14958
    924    -12  14974
    892    -64  14966
    918    -38  14980
    966    -22  14988
    930    -44  14992
    958    -78  14970
    938    -48  14990
    928    -46  14978
    932    -34  14974
    932    -20  14972
    940    -50  14988
    930    -52  14990
    950    -30  15040
    922    -64  15004
    942    -44  15034
    926    -34  14994
    940    -30  14980
    934    -42  14998
    944    -20  14998
    914    -28  15006
    936    -56  14974
    948     -2  14996
    952    -54  15000
    942    -18  14974
    950    -36  14964
    918    -48  14998
    950    -40  14946
    956    -52  14966
    948    -34  14992
    986    -46  14980
    934    -58  14966
    934    -52  14974
    962    -60  15000
    936    -62  14980
    920    -64  15014
    930    -14  14996
    932    -20  14978
    932    -34  14968
    964    -42  14978
    938    -34  14964
    946    -56  15030
    940    -34  14978
    928    -54  14972
    932    -30  14996
    978    -34  15002
    940    -36  14980
    948    -34  14982
    936    -38  14958
    936    -34  14978
    934    -44  14978
    898    -30  14998
    922    -32  15018
    944    -20  15002
    942    -28  14986
    926    -44  14990
    946    -52  14998
    952    -48  14990
    964    -34  14932
    938    -36  14972
    946    -12  14958
    976    -46  14956
    946    -18  14978
    936    -42  14956
    948    -52  14972
    968    -70  15010
    924    -44  14970
    916    -44  14968
    912    -18  15000
    954    -48  15004
    966    -40  14968
    944    -74  14954
    952    -48  15040
    964    -18  14998
    922    -76  14986
    902    -28  15002
    964    -38  14948
    950    -58  15008
    934    -72  14964
    932    -32  14982
    940    -32  14988
    932    -20  15000
    944    -24  14998
    918    -42  14960
    908    -78  14998
    948    -78  15008
    956    -42  15000
    924    -36  14996
    944     -8  15004
    906    -46  14996
    936    -74  14984
    940    -34  14968
    950    -64  14984
    926    -58  15020
    936    -36  14960
    902    -28  14954
    906    -20  15012
    932    -54  14932
    938    -70  14950
    938    -36  14958
    976    -34  14946
    946    -40  15042
    950    -66  15002
    942    -68  15014
    952    -54  15004
    952    -36  14998
    952    -38  15014
    958    -26  14976
    950    -54  15004
    950    -60  14976
    940    -48  14990
    928    -18  14950
    940    -10  14982
    964    -68  14994
    950    -58  15012
    962    -34  14978
    960    -48  14962
    956    -80  14978
    924    -56  14992
    936    -74  15004
    936    -14  14966
    940    -74  14996
    914    -66  15004
    950    -44  14896
    938    -30  14948
    948    -50  15056
    940    -76  14990
    944    -56  14970
    936    -54  14978
    952    -30  14938
    926    -44  14956
    936    -44  14994
    904    -44  14960
    948    -14  14980
    914    -44  14948
    932    -48  14928
    956    -58  14984
    904    -72  14950
    922    -56  15018
    912    -58  14970
    934    -60  14984
    944    -62  14978
    940    -40  14962
    948    -30  15026
    944    -54  15012
    974    -56  14936
    938    -38  14972
    936    -10  14944
    944    -44  15004
    954    -28  14974
    966    -40  14980
    934    -52  14972
    950    -68  14992
    970    -40  14970
    938    -52  15026
    928    -28  14992
    920    -32  14962
    946    -52  14986
    942    -90  14946
    940    -56  14964
    976    -68  14944
    924    -68  14996
    962    -80  14966
    922    -56  14972
    942    -38  14972
    970    -56  14956
    920    -28  14990
    968    -18  14978
    922    -40  14942
    924    -34  14950
    960    -12  14956
    932    -92  14988
    914    -56  14998
    904    -24  14940
    898    -38  14974
    914    -42  14932
    916    -32  14956
    958    -34  14978
    944    -50  15002
    958    -44  14944
    958    -50  14982
    962    -46  14976
    918    -56  14970
    904    -36  15014
    942    -74  15004
    940    -76  15008
    968    -50  14980
    940    -82  15018
    938    -30  14900
    950    -46  15020
    930    -40  14988
    916    -36  14962
    934    -58  14974
    936    -36  14934
    928    -36  14974
    952    -32  14982
    964    -34  14984
    944    -50  14968
    948    -58  14978
    952    -30  14980
    944    -32  14948
    936    -40  14964
    896    -32  14968
    954    -38  14998
    932    -34  15002
    942    -44  14990
    940    -54  14996
    976    -28  14978
    942    -48  15014
    918    -48  14988
    940    -38  14964
    886    -68  14962
    936    -80  14982
    948    -42  14982
    926    -46  14970
    924    -32  14968
    922    -66  14996
    946    -60  15016
    948    -64  14994
    922    -42  15014
    940    -52  14998
    928    -44  15014
    920    -54  14966
    922    -44  14914
    950    -64  14994
    948    -28  14952
    942    -34  14960
    948    -50  14964
    934    -52  14996
    940    -52  14980
    940    -60  15024
    954    -48  14958
    950    -30  14946
    966    -26  14952
    946    -26  15034
    920     -8  14974
    960    -38  14980
    950    -34  14942
    940    -42  15034
    936    -48  14992
    930    -76  14988
    924    -42  14962
    952    -68  14990
    928    -50  14982
    936    -18  15000
    908    -32  14988
    930    -38  14964
    962    -36  15004
    958    -52  15018
    984    -52  14974
    930    -42  14976
    938    -40  14986
    902    -58  14976
    956    -48  14972
    936    -46  14930
    964    -64  14966
    936    -60  14932
    962    -22  14952
    938    -46  14976
    938    -54  15010
    976    -40  14934
    938      2  14948
    956    -70  14924
    936    -66  14954
    936    -70  14990
    982    -38  14968
    936    -36  15034
    954    -32  15016
    956    -30  14972
    934    -26  14990
    962    -28  14962
    932    -38  14940
    930    -44  14964
    942    -70  14970
    930    -24  14966
    944    -58  14966
    966    -62  14986
    922    -50  14970
    958    -56  14950
    946    -54  14982
    936    -54  14980
    914    -34  14968
    950    -56  14992
    918    -14  14986
    954    -24  15014
    934    -36  14978
    926    -60  14992
    956    -58  15010
    948    -76  14980
    944    -30  15006
    932    -44  15022
    936    -14  14990
    926    -54  14992
    926    -42  14978
    936    -36  14946
    970    -62  14948
    952    -42  15012
    968    -28  14980
    944    -56  15004
    954    -48  14974
    916    -32  15012
    946    -50  14974
    936    -32  14988
    962    -18  14968
    950    -48  14968
    952    -54  14962
    932    -68  15016
    954    -56  15004
    934    -78  14974
    936    -62  14950
    964    -22  14910
    938    -62  14956
    960    -80  14964
    934    -76  14994
    934    -64  15010
    960    -38  14988
    924    -54  14910
    924    -42  14986
    940    -44  14998
    950    -46  14992
    956    -58  15020
    920    -48  14970
    948    -30  14964
    916    -34  14968
    950    -62  14954
    948    -36  14974
    944    -22  14964
    938    -26  14994
    972    -28  14978
    946    -30  14972
    942    -50  15016
    932    -62  14960
    936    -54  14944
    960    -34  14982
    950    -64  14988
    946    -26  14936
    976    -54  15012
    942    -64  14954
    926    -24  14986
    940      8  14986
    956    -34  14986
    928    -60  14970
    906    -46  14982
    954    -60  14986
    926    -40  15048
    952    -14  15004
    930    -42  14982
    934    -58  14974
    960    -42  15020
    956    -52  14984
    930    -32  14916
    964    -34  14980
    930    -52  14990
    928    -50  15028
    964    -70  14976
    926    -42  14988
   1000    -20  14938
    962    -42  14958
    960    -50  14974
    934    -30  14960
    944    -56  14944
    938    -42  14998
    952    -46  15008
    962    -44  14998
    954    -56  14992
    952    -60  15004
    944    -40  14972
    964    -52  15014
    976    -26  14974
    936    -60  14988
    934    -46  15016
    928    -34  15006
    952    -64  14984
    950    -56  14968
    932    -20  14968
    948    -52  15018
    970    -54  14938
    936    -40  14948
    978    -22  14966
    944    -52  14948
    934    -80  14990
    914    -38  14980
    954    -42  14976
    968    -22  14966
    964    -28  15006
    972    -44  14948
    912    -48  15000
    916    -44  14998
    970    -38  14986
    928    -56  14954
    950    -42  14996
    922    -56  14990
    958    -34  14976
    936    -74  14962
    952    -52  15002
    970    -40  14982
    918    -18  15012
    920    -42  15014
    964    -60  15026
    952    -50  14986
    960    -76  15000
    956    -60  14972
    978    -76  15002
    924    -18  14978
    978    -50  15006
    914    -46  14978
    940    -40  14990
    914    -74  14964
    928    -44  15000
    950    -42  14984
    924    -60  14986
    916    -44  14970
    954    -48  14954
    952    -40  14988
    944    -72  15006
    936    -28  14972
    912    -22  14950
    946    -38  14990
    952    -58  15036
    968    -28  14904
    928    -40  14942
    938    -44  14996
    944    -48  14990
    960    -62  14966
    954    -50  14970
    926    -50  14990
    932    -60  14970
    978    -34  14998
    984    -70  14974
    932    -52  14984
    928    -38  15000
    934    -42  14958
    942    -54  14956
    916    -14  15006
    954    -34  14966
    954    -64  14958
    950    -46  14970
    942    -34  14948
    960    -50  15018
    938    -52  15012
    982    -72  15036
    956    -68  14994
    956    -44  14986
    964    -50  14948
    944    -42  14950
    924    -36  15016
    954    -54  14948
    952    -36  14994
    912    -30  14968
    930    -40  14950
    946    -22  14986
    954    -44  14970
    958    -46  14976
    952    -36  14980
    938    -46  14970
    948    -50  14982
    942    -50  15002
    958    -32  15016
    966    -46  15018
    958    -54  14976
    948    -46  14970
    930    -30  15014
    938    -52  15024
    940    -32  14974
    988    -36  14936
    966    -48  14932
    932    -22  14992
    922    -54  14958
    952    -48  14964
    976    -30  15006
    968    -50  14990
    942    -72  14970
    942    -78  14954
    942    -26  14966
    976    -30  14952
    942    -28  14972
    938    -42  14968
    926    -28  14998
    930    -46  14992
    914    -58  14918
    938    -66  14960
    948    -50  14978
    910     -8  14956
    940    -36  14972
    964    -42  14958
    930    -56  14986
    940    -64  14968
    946    -52  14978
    960    -50  15022
    940    -54  14950
    924    -28  14986
    928    -30  14970
    928    -54  14962
    938    -44  14960
    970    -30  15018
    934    -64  14982
    960    -26  14984
    968    -62  14970
    924    -28  14984
    950    -54  14958
    946    -34  14936
    940    -50  14898
    920    -36  14924
    962    -22  15000
    954    -72  14950
    954    -70  14984
    944    -58  14926
    910    -46  14984
    944    -20  14974
    968    -16  14980
    974    -32  14976
    916    -36  15000
    950    -62  14970
    978    -52  14982
    912    -44  14984
    952    -48  14992
    954    -46  14990
    942    -52  14992
    920    -30  14968
    978    -38  14964
    976    -60  15004
    950    -14  14976
    942    -28  14996
    958    -68  14986
    942    -30  14996
    942    -26  14960
    936    -32  15012
    960    -22  14972
    934    -88  15004
    924    -44  14944
    956    -40  14976
    948    -32  14956
    962    -30  14970
    956    -12  14966
    948    -50  14952
    948    -50  14950
    934    -56  14998
    946    -48  14978
    932    -16  14948
    938     -8  14936
    956    -50  14948
    944    -52  14970
    938    -30  15004
    938    -34  14968
    896    -42  14936
    936    -44  15008
    970    -52  14990
    976    -44  14994
    940    -70  14968
    938    -16  14970
    952    -42  14970
    920    -40  14948
    946    -22  14954
    974    -50  14968
    930    -30  14976
    932    -26  14990
    954    -50  14968
    944    -44  14984
    944    -54  14974
    938    -52  14972
    954    -46  14922
    932    -46  14958
    970    -72  15022
    986    -66  14970
    934    -48  15016
    968    -24  14986
    964    -34  15002
    968    -34  14958
    956    -66  14978
    934    -60  14980
    922    -56  15002
    948    -74  14992
    938    -44  14922
    940    -48  14938
    924    -52  14984
    960    -44  15022
    958    -54  15016
    950    -38  14976
    932    -56  14972
    954    -52  14988
    968    -40  14954
    956    -44  14984
    940    -36  14964
    902    -54  15002
    920    -44  14968
    932    -62  15040
    950    -42  14982
    968    -46  14992
    968    -54  14982
    960    -72  14958
    944    -54  15004
    940    -30  14966
    938    -22  14974
    964    -56  14966
    972    -54  14970
    964    -28  14986
    916      0  14986
    930    -44  15002
    960    -42  14976
    926    -38  14990
    940    -46  15004
    928    -50  15032
    924    -12  14978
    954    -32  14994
    950    -56  14996
    918    -54  14968
    978    -36  14964
    902    -36  15000
    958    -34  14988
    968    -58  14968
    906    -50  14996
    956    -50  14988
    964    -70  14966
    934    -68  14966
    946    -68  14948
    944    -62  14968
    932    -34  14982
    936    -78  15000
    964    -22  14974
    924    -42  14990
    912    -36  15000
    906    -78  14976
    964    -60  14952
    970    -78  14954
    970    -24  14952
    932    -58  15018
    946    -52  14984
    946    -44  14954
    930    -46  14980
    950    -56  14990
    958    -62  14974
    954    -50  14996
    938    -24  14990
    946    -72  14984
    950    -30  15024
    940    -60  14974
    944    -52  15000
    944    -72  14948
    964    -40  14956
    896    -56  14974
    956    -54  14972
    934    -72  14918
    914    -60  15002
    946    -74  14974
    948    -66  14962
    962    -14  14992
    948    -58  15026
    948    -48  14980
    922    -38  14952
    924      0  15026
    936    -34  14964
    950    -40  14992
    942    -42  14972
    966    -44  14960
    942    -64  14954
    944    -38  15022
    980    -48  14988
    924    -24  14940
    960    -44  14982
    924    -34  14970
    958    -60  14992
    938    -34  14982
    936    -20  15022
    944    -68  15038
    926    -44  15036
    930    -32  14996
    946    -74  14960
    938    -52  14996
    920    -72  14998
    958    -42  14984
    976    -56  14966
    948    -48  14934
    940    -54  14994
    940    -52  14998
    964    -44  14956
    928    -30  14946
    922    -46  14948
    924    -26  14980
    922    -46  14910
    950    -54  14944
    946    -58  14986
    958    -44  14948
    962    -40  14960
    938    -44  14990
    956    -34  14970
    952    -76  14990
    960    -56  15002
    950    -38  14990
    934    -64  14960
    902    -76  15014
    950    -10  14936
    944    -54  14956
    918    -34  14950
    946    -46  14988
    938    -46  14942
    944    -68  14976
    958    -56  14986
    922    -62  14958
    932    -60  14948
    938    -56  14932
    924    -32  14998
    960    -38  14982
    956    -34  14970
    970    -38  15008
    968    -54  14960
    960    -22  15010
    944    -40  15006
    948    -20  14984
    954    -40  14970
    960    -64  14966
    952    -40  14960
    964    -60  14984
    962    -12  14982
    932    -38  14954
    948    -44  14970
    984    -52  14964
    974    -46  14976
    944    -64  14976
    944    -70  14950
    950    -40  14986
    964    -46  14958
    948    -20  14974
    936    -34  14988
    966    -40  15012
    960    -28  14988
    926    -24  14968
    920    -52  14978
    970    -40  15008
    938    -60  14946
    946    -56  14980
    916    -46  15026
    964    -38  14948
    940    -56  14960
    934    -72  14978
    948    -68  15034
    936    -34  14966
    962   -100  15008
    958    -60  15002
    946    -64  15020
    934    -28  14978
    934    -46  14978
    946    -52  14950
    956    -56  15002
    964    -52  14996
    956    -50  14992
    954    -36  15028
    952    -30  14964
    960    -46  14986
    938    -30  14966
    964    -44  14986
    916    -16  14966
    940    -38  14960
    974    -52  14964
    954    -44  14950
    906    -30  14994
    942    -38  15000
    952    -62  14950
    904    -64  14990
    932    -42  14980
    958    -26  14936
    940    -52  14984
    958    -20  14974
    916    -24  14958
    934    -50  14990
    936    -36  14956
    950    -24  14934
    918    -38  15014
    952    -24  14988
    922    -32  14984
    940    -24  15000
    948    -18  15002
    924    -38  15002
    938    -42  14994
    914    -32  14914
    936    -62  14982
    956    -48  14946
    938    -44  14968
    916    -62  14946
    938    -46  14958
    922    -42  14944
    936    -34  14942
    932    -24  14976
    958      2  14988
    970    -36  15010
    972    -58  14980
    960    -38  15008
    926    -66  14980
    914    -50  14978
    930    -30  14974
    918    -40  14956
    952    -36  14976
    952    -36  15004
    960    -56  14970
    970    -44  14972
    964    -62  15004
    964    -26  14966
    928    -64  14962
    952    -50  15018
    936    -44  14968
    956    -42  14974
    924    -56  14968
    940    -38  14990
    938    -50  14984
    894    -56  15016
    968    -42  14956
    938    -32  14996
    934    -20  14950
    930    -44  15018
    974    -36  14972
    936    -56  14984
    940    -56  14996
    942    -48  15000
    986    -22  15012
    942    -18  14956
    926    -52  14966
    954    -64  14970
    956    -60  14940
    944    -52  14996
    948    -76  14996
    956    -40  14940
    934    -46  14934
    926    -24  15014
    922    -54  14980
    930    -74  14990
    954    -38  14966
    928    -52  14964
    948    -42  14980
    940    -48  14980
    944    -54  15006
    948    -44  15054
    924    -34  14994
    940    -42  15008
    926     -6  14984
    946    -46  14986
    976    -50  15028
    928    -86  14982
    936    -64  14962
    970    -62  15014
    938    -44  14990
    964    -44  14898
    924    -48  14996
    960    -60  14976
    940    -22  14960
    912    -46  14934
    944    -46  14988
    894    -38  14952
    936    -52  14938
    934    -44  14950
    950    -42  14978
    924    -74  14988
    956    -66  14978
    950    -18  15014
    974    -32  14982
    974    -34  14972
    968    -78  14948
    956    -66  14986
    958    -58  14932
    964    -54  14964
    942    -50  14982
    954    -54  14952
    954    -64  15016
    936    -88  14954
    954    -38  15008
    934    -44  14994
    938     -8  14980
    944    -32  14992
    926    -56  14958
    934    -52  14962
    970    -50  14974
    948    -50  14938
    960    -28  14980
    966    -44  14956
    918    -66  14980
    934    -50  14968
    944     -6  14982
    972    -50  14954
    972    -50  15000
    966    -24  14970
    934    -30  14972
    958    -56  14974
    906    -52  14990
    942    -60  14962
    942    -46  14966
    948    -34  14952
    928    -50  14976
    960    -36  14990
    954    -40  15010
    964    -78  14968
    918    -38  15018
    962      2  14970
    948    -72  14970
    968    -70  14970
    990    -64  14982
    972    -52  14992
    990    -40  14990
    960    -36  14962
    964    -48  14968
    970    -44  15008
    958    -28  14970
    920    -58  15012
    942    -70  14988
    962    -40  14978
    932    -48  14986
    946    -52  14988
    972     -6  14980
    956    -44  14956
    942     -6  14968
    942    -60  15004
    952    -48  14980
    964    -36  14970
    964    -40  14968
    980    -26  14984
    958    -54  14990
    938    -36  14986
    968    -50  14978
    952    -56  14970
    960    -62  14962
    930    -44  15012
    958    -40  15002
    938    -64  14960
    938    -52  14954
    932    -68  14994
    938    -52  14958
    950    -32  14962
    962    -32  15012
    934    -36  15004
    930    -66  15006
    946    -56  14996
    980    -68  14978
    970    -44  14988
    918    -28  14944
    936    -16  14978
    960    -34  14960
    960    -38  14960
    946    -48  14968
    946    -52  14958
    940    -38  15008
    942    -66  14982
    934    -38  15034
    954    -54  14982
    926    -50  15010
    936    -34  14950
    958    -22  14964
    932    -46  14960
    972    -44  14958
    942    -72  14940
    966    -44  15000
    936    -60  14928
    938    -30  15000
    936    -24  15010
    948    -26  14998
    924    -20  14952
    936    -36  14972
    960    -60  14998
    960    -28  14926
    948    -38  14964
    982    -84  14962
    950    -40  14962
    926    -54  14982
    932    -24  14998
    902    -52  14932
    918    -44  14924
    934    -40  14984
    976    -52  14974
    940    -54  14990
    932    -60  14990
    954    -66  14968
    938    -52  14968
    950    -60  14968
    942    -50  15010
    922    -16  14906
    952    -50  15008
    964    -68  15002
    932    -44  14976
    946     -8  14994
    936    -18  14994
    924    -24  14958
    926    -24  14990
    942    -44  14998
    922    -36  14984
    952    -40  15052
    948    -56  15002
    970    -20  15004
    918    -24  14982
    936    -64  14992
    970    -80  14964
    956    -36  15010
    958    -44  14974
    950    -40  14994
    926    -56  15010
    942    -44  14978
    974    -50  14992
    972    -20  14996
    932    -54  14962
    930    -12  14972
    926    -48  15002
    968    -66  14924
    948    -40  14978
    928    -44  14976
    952    -18  14986
    922    -60  14972
    934    -46  14990
    954    -70  14992
    896    -28  14968
    928    -42  14998
    954    -16  14962
    920    -30  15000
    952    -68  14980
    952    -64  15002
    958    -50  14988
    948    -22  14988
    962    -52  14964
    986    -34  15002
    952    -50  14976
    972    -36  15000
    944    -36  14948
    928    -80  14934
    958    -66  14986
    944    -60  14970
    932    -20  14964
    954    -50  14950
    940    -26  15010
    946    -38  15018
    950    -44  14994
    974    -14  14994
    924    -32  15062
    962    -46  15038
    962    -32  14990
    900    -40  15026
    940    -94  14948
    940    -42  14946
    974    -52  14992
    938    -48  14982
    916    -56  14980
    908    -60  14984
    922    -40  14962
    964    -54  14954
    938    -48  14994
    916    -48  14972
    984    -40  15000
    918    -48  14994
    958    -48  14956
    926    -48  15002
    956    -32  14978
    936    -48  15008
    970    -32  14966
    942    -18  14954
    926    -64  14970
    934    -46  15010
    940    -64  14998
    944    -72  15002
    930    -24  14986
    974    -34  15010
    978    -54  14994
    948    -46  15032
    962    -34  15008
    970    -32  14980
    976    -50  14988
    962    -62  14956
    950    -32  14952
    930    -48  14978
    946   -102  14912
    952    -84  14916
    944    -26  14946
    918    -36  14944
    912    -34  14978
    938    -52  14996
    930    -64  14996
    952    -48  14958
    954    -56  14964
    962    -56  14948
    966    -56  14940
    928    -60  14998
    942    -54  14932
    940    -30  14982
    932    -22  15002
    944    -46  14978
    944    -26  14976
    930    -32  14990
    900    -60  14976
    948    -46  14968
    968    -54  14990
    938    -10  14948
    962    -44  14972
    986    -38  15010
    948    -24  14956
    950    -38  14936
    936    -30  15042
    948    -40  15020
    974    -60  14952
    966    -64  14984
    970    -68  15022
    956    -48  14984
    940    -30  14942
    974      8  15010
    974    -84  15006
    952    -44  14938
    936    -58  14952
    948    -22  14948
    926    -34  14970
    920    -40  14978
    958    -22  14986
    940    -30  14996
    952    -50  15004
    974    -44  14980
    938    -26  14960
    974    -62  15030
    922    -62  14962
    954    -32  14972
    902    -62  14968
    966    -48  14974
    942    -62  15018
    960    -38  14974
    936    -48  14956
    944    -48  14986
    990    -52  14950
    926    -50  14970
    894    -74  14972
    932    -50  14984
    968    -66  14986
    950    -40  14942
    984    -42  14984
    948    -60  14954
    956    -14  14980
    928    -58  14988
    942    -18  14998
    954    -76  14958
    932    -38  14950
    912    -28  14974
    924    -26  15000
    908    -36  14944
    946    -44  14960
    914    -40  14982
    940    -56  14980
    960    -22  14952
    978    -48  14974
    952    -44  14970
    932    -50  14968
    938    -26  15008
    946    -34  15008
    948    -44  14916
    956    -18  15028
   1000    -50  15004
    948     -6  14944
    944    -20  14972
    936    -50  14936
   1002    -42  14988
    970    -38  14976
    920    -42  14986
    968    -56  14968
    930    -48  14946
    942    -50  14962
    948    -22  14966
    926    -32  14978
    928    -40  14998
    966    -64  14980
    928    -44  14938
    954    -32  15026
    958    -30  15006
    962    -44  14974
    950    -74  14984
    938    -42  14946
    948    -42  14966
    980    -56  14988
    958    -50  15000
    964    -50  14998
    912    -42  14968
    942    -12  14968
    928    -26  14988
    930    -36  14956
    934    -30  14960
    962    -50  15032
    960    -60  14980
    934    -52  15018
    960    -68  14984
    952    -62  14972
    964    -48  14928
    930     -6  14980
    966    -46  15002
    908    -50  14954
    934    -40  14992
    930    -68  15034
    952    -46  14986
    984    -14  14984
    934    -42  14940
    986    -32  14950
    948    -54  14988
    926    -48  14980
    956    -64  15000
    944    -50  14996
    974    -54  14984
    932    -74  14964
    930    -40  14992
    964    -62  14966
    956    -66  14998
    952    -80  14980
    936    -74  14994
    942    -26  15004
    950    -28  14932
    956    -36  14974
    962    -20  15000
    966    -44  15008
    932    -18  14956
    970    -26  14970
    950    -46  14950
    940    -24  14984
    934    -14  14992
    912    -34  14976
    938    -48  14970
    928    -40  14966
    964    -26  14994
    934    -82  14954
    942    -36  14968
    938    -30  14980
    938    -52  14982
    946    -50  15018
    944    -68  14956
    944    -78  15012
    940    -52  14988
    956    -70  14968
    950    -50  14970
    962    -30  15020
    934    -58  14918
    942    -36  14974
    974    -36  14962
    940    -64  14964
    954    -48  14996
    962    -50  14972
    922    -62  14954
    966    -54  14956
    960    -58  14982
    948    -64  14946
    944    -80  14996
    932    -48  15012
    956    -40  15008
    962    -38  14978
    938    -58  14972
    918    -16  14960
    986    -52  14952
    974    -52  14962
    972    -50  14972
    964    -28  15018
    954    -26  14934
    944    -44  14944
    972    -40  15010
    972    -44  14970
    956    -18  14976
    936    -46  14968
    934    -36  15000
    962    -36  14972
    956    -24  14974
    974    -44  14994
    956    -24  14948
    964    -30  15008
    948    -20  14992
    938     -8  14956
    944    -30  14980
    960    -54  14986
    960    -56  14970
    950    -70  15014
    974    -48  14964
    966    -80  14994
    968    -36  14968
    964    -58  14970
    980    -54  14948
    934    -64  14984
    950    -36  14988
    918    -40  14974
    958    -54  14964
    936    -38  14962
    906    -36  14960
    952    -50  14926
    922    -14  14988
    960    -10  14972
    936    -52  14990
    950    -68  14966
    966    -30  14978
    934    -44  14980
    940    -30  15016
    932    -12  14972
    926    -10  15034
    964    -56  15024
    978    -66  14958
    920    -46  14950
    956    -26  14988
    960    -76  14970
    930    -58  14964
    930    -66  14990
    956    -66  14982
    934    -58  14918
    926    -54  14984
    924    -52  14978
    964    -54  14972
    958    -68  14998
    956    -38  14968
    938    -48  14992
    952    -64  14986
    938    -22  14938
    964    -42  14946
    918    -64  14946
    968    -22  14942
    970    -56  14946
    950    -56  14962
    946    -38  14966
    940    -48  14946
    908      8  14994
    920    -54  14924
    926    -38  14980
    962    -62  14950
    938    -48  14994
    918    -40  14934
    922    -36  14978
    918    -32  15024
    944    -30  14982
    930    -42  14916
    950    -50  14932
    950    -42  14996
    940    -34  14970
    952    -30  14972
    914    -54  14974
    960    -52  14942
    910    -80  14980
    930    -66  14990
    918    -70  14950
    948    -64  14954
    902    -36  14962
    944    -38  14980
    944    -20  14974
    942    -28  14988
    942    -70  14968
    952    -54  14970
    904    -32  14976
    932    -42  14970
    954    -12  15008
    984    -32  15002
    966    -44  14940
    946    -58  14964
    960    -60  15016
    978    -58  14984
    950    -22  14954
    972    -36  14976
    934    -40  15016
    968    -50  14984
    976    -58  15024
    976     -6  14950
    942    -30  14966
    948    -16  15014
    934    -58  15040
    968    -66  14964
    958    -40  14968
    932    -50  14934
    974    -10  14984
    928    -60  14980
    942    -44  14970
    930    -40  14986
    962    -68  14978
    950    -44  14916
    974    -52  14900
    956    -50  14970
    934    -46  14964
    928    -70  14954
    962    -40  14962
    946    -46  14940
    898    -70  15004
    938    -36  14970
    960    -24  14980
    946    -68  14940
    944    -70  14956
    958    -46  14986
    938    -50  14978
    946    -90  15014
    924    -62  14954
    962    -46  14946
    928    -64  14980
    932    -88  14982
    972    -50  14976
    966    -56  14972
    958    -50  14990
    946    -18  14972
    946    -60  15006
    958    -28  15020
    932    -36  14970
    922    -64  14926
    950    -46  14972
    950    -62  15020
    956    -34  14952
    946    -68  14936
    940    -42  14990
    944    -26  14970
    952    -50  15004
    904    -28  15014
    934    -40  14962
    938    -44  14992
    906    -60  15002
    946    -38  14980
    940    -18  15002
    958    -50  14994
    948    -20  14948
    974    -28  14956
    942    -46  14982
    962    -60  15006
    908    -54  14974
    978    -54  14998
    954    -58  14998
    942    -30  14962
    944    -14  14976
    964      2  14972
    978    -58  14988
    954    -12  15002
    918    -44  14956
    920    -36  14928
    926    -22  14958
    966    -70  14928
    944    -60  14958
    916    -46  14986
    932    -30  14992
    976    -28  14980
    958    -44  14948
    924    -40  14970
    936    -62  14956
    936    -54  14978
    968    -88  14936
    976    -50  14928
    976    -34  14980
    932     -6  14986
    920    -56  14986
    914    -30  14886
    966    -48  14990
    926    -20  15024
    916    -56  14952
    956    -66  14960
    954    -56  15002
    948    -24  14964
    954    -44  14932
    948    -60  15004
    936    -78  14946
    932    -36  14940
    964    -64  14962
    956    -32  14974
    944    -54  14978
    958    -34  14946
    952     -8  14982
    946    -34  15000
    920    -38  15000
    938    -30  14990
    944    -56  14958
    962    -42  14990
    958    -48  14990
    914    -12  14948
    934    -36  15024
    952    -52  14954
    956    -62  14940
    954    -22  14974
    956    -60  14972
    944    -38  14966
    964    -58  15036
    926    -24  14976
    918    -66  14972
    940    -30  15002
    962    -38  14954
    978    -36  14946
    954    -50  15004
    940    -28  15002
    970    -30  15022
    962    -40  14996
    984    -40  14998
    956    -26  14968
    936      8  14970
    912    -30  14986
    934    -44  14968
    952    -54  14950
    926    -28  14960
    946    -18  14986
    950    -38  14998
    992    -64  14964
    962    -42  14982
    964    -42  14974
    944    -26  14962
    972    -52  14966
    948    -46  14986
    984    -62  14982
    966    -34  14916
    940    -56  14988
    932    -48  14958
   1010    -54  14946
    978    -34  15030
    966    -76  14944
    962    -58  14940
    964    -36  14958
    948    -62  15010
    950    -20  14982
    976    -24  14974
    920    -52  14994
    936    -54  15000
    950    -76  14970
    942    -92  15004
    952    -62  14956
    962    -48  14998
    966    -52  15002
    938    -22  14998
    940    -38  14964
    916    -14  15024
    942    -40  15066
    954     -8  15026
    936    -54  15000
    964    -38  14946
    982    -54  15026
    934    -48  15004
    946     -6  15010
    942    -58  14980
    930    -52  14972
    982    -42  15050
    970    -30  14990
    956    -22  15006
    944    -46  15004
    928    -44  14986
    940    -52  14958
    928    -64  15002
    928    -16  14974
    942    -48  14974
    914    -44  14938
    928    -44  14968
    936    -58  14980
    958    -34  15002
    910    -60  14968
    960    -58  15008
    942    -60  14934
    948    -34  14952
    930    -26  14942
    972    -36  14958
    940    -66  14956
    922    -66  14988
    932    -56  14950
    946    -34  14970
    976    -22  14954
    938    -56  14998
    954    -32  15002
    966    -18  15012
    946    -32  14988
    942    -44  14950
    952    -64  14956
    940    -50  14978
    958    -62  14994
    954    -40  15028
    922    -30  14964
    928    -36  14954
    960    -46  15014
    920    -34  14962
    956    -36  14976
    944    -24  14994
    926    -30  14988
    938    -32  14976
    970    -38  15030
    942     -2  14988
    944    -48  14958
    954    -36  14932
    934    -30  14940
    930    -42  14958
    938    -22  14972
    944    -52  14980
    942    -48  14962
    938    -56  14924
    922    -48  14950
    954    -34  14990
    942    -48  14972
    974    -54  14972
    930    -58  14938
    960    -24  14960
    934    -28  14982
    964    -18  14980
    940    -62  14968
    960    -76  15012
    958    -76  14948
    928    -50  14940
    914    -66  14978
    936    -68  14950
    918    -18  14972
    916    -20  14986
    968    -60  14974
    952    -36  14932
    944    -38  14966
    932    -78  14976
    932    -52  14978
    922    -56  14968
    920    -48  14952
    936    -34  14954
    932    -46  14994
    946    -56  14980
    966    -44  15004
    958    -36  14956
    956    -70  14958
    936    -26  15018
    914    -76  14992
    972    -58  14986
    936    -50  15002
    936    -58  14986
    954    -52  14964
    928    -52  14954
    932    -68  14964
    964    -40  14964
    984    -36  14968
    950     -6  14958
    894    -42  14946
    936    -58  14994
    932    -34  14958
    980    -22  14964
    976    -64  14962
    960    -14  14990
    934    -30  14922
    938    -38  14954
    934    -32  14954
    916    -52  14992
    958    -46  14966
    940    -28  14978
    926    -24  14984
    936    -44  14992
    946    -58  14998
    950    -74  14990
    940    -48  14936
    950    -56  14936
    952    -34  14964
    976    -48  14992
    966    -70  14964
    946    -52  14940
    948    -60  14966
    964    -22  14994
    958    -34  14946
    974    -46  14982
    950    -56  14998
    922    -46  15008
    966    -24  14984
    946    -16  14996
    956    -22  15020
    932    -52  14950
    932    -30  14948
    910    -62  14956
    964    -70  14976
    954    -60  14974
    970    -72  15000
    954    -48  14952
    958    -52  14970
    932    -40  14976
    934    -46  14952
    960    -40  14990
    954    -40  14974
    948    -30  15016
    948    -40  15000
    936    -40  14950
    946    -22  14918
    956    -42  14984
    918    -56  14976
    962    -54  15010
    950    -48  14936
    942    -30  14952
    942    -54  15008
    928    -34  14940
    930    -34  14966
    924    -26  14948
    948    -36  15000
    938    -24  15024
    946    -42  14954
    934    -60  14950
    952    -30  14968
    942    -48  14994
    928    -62  14968
    950     -8  14944
    968    -16  14932
    950    -30  14926
    960    -44  14932
    930    -78  14986
    944    -48  14888
    964    -64  14952
    972    -10  14966
    958    -40  15010
    952    -60  14970
    980    -22  14960
    954    -68  14972
    956    -44  14940
    970    -36  14990
    938    -38  15006
    932    -34  14984
    952    -28  15010
    968    -50  14998
    982    -56  14952
    954    -74  14988
    940    -46  15004
    946    -40  14950
    932    -34  14968
    944    -50  14976
    930    -82  14988
    990    -60  14952
    940    -36  14980
    914    -50  14968
    942    -34  14988
    954    -28  14946
    946    -36  14974
    928    -46  14970
    970    -68  14948
    924    -54  14948
    964    -26  14986
    948    -62  14960
    974    -44  14984
    934    -50  14972
    954    -70  14946
    944    -68  14948
    960    -38  14966
    940    -48  15010
    958    -34  14936
    970    -24  14984
    918    -36  14996
    956    -38  15008
    936    -46  14998
    928    -36  15006
    920    -44  15008
    958    -46  14976
    912    -56  14938
    942    -44  15008
    912    -30  14996
    958    -52  14996
    944    -40  15008
    926    -30  14972
    930    -30  14942
    958    -38  14930
    946    -44  14974
    920    -70  14966
    926    -60  14956
    946    -60  14968
    954    -56  14996
    950    -50  15002
    962    -42  14948
    962    -48  14968
    940    -50  14966
    948    -28  14972
    970    -52  14972
    942    -56  15012
    934    -56  14968
    948    -32  14982
    942    -18  14930
    942    -28  14996
    932    -56  14964
    960    -56  14980
    962    -72  15002
    932    -32  14982
    950    -38  14992
    942    -12  14980
    936    -40  14986
    940    -58  15006
    938    -68  14930
    940    -62  14936
    956    -60  14936
    928    -16  14930
    962    -30  14942
    990    -56  15006
    968    -50  15018
    960    -48  14992
    960    -40  14990
    964    -50  14950
    940    -40  14934
    938    -36  14920
    962    -66  14982
    956    -46  15022
    918    -24  14974
    904    -40  14950
    948    -24  14982
    954    -42  14970
    918    -20  14962
    946    -24  15032
    932    -32  15006
    942    -20  14998
    952    -50  14998
    950    -22  14962
    978    -44  14970
    936    -62  14984
    942    -38  14996
    946    -36  14954
    966    -26  14952
    944    -42  15012
    940    -56  14968
    932    -34  14980
    922      0  15012
    942    -64  14978
    960    -22  14984
    922    -16  14988
    914    -26  14982
    970    -54  14958
    946    -46  14956
    956    -48  15000
    974    -42  14996
    950    -36  14994
    974    -80  14950
    930    -50  15004
    948    -34  15000
    958    -60  14986
    966    -48  14994
    970    -36  14926
    962    -64  15004
    942    -60  15004
    948    -28  14984
    928    -24  15002
    936    -36  14968
    944    -38  14910
    934    -50  14992
    946    -16  14982
    924    -62  14996
    950    -74  15042
    956    -68  14980
    944    -54  14988
    946    -10  15006
    968    -66  15028
    962    -44  14994
    950    -38  14988
    948    -38  14942
    968    -52  14982
    946    -28  14982
    940    -38  14978
    932    -24  14976
    930    -20  15004
    970    -42  14960
    962    -22  14970
    964    -68  14950
    950    -54  14966
    948    -40  14984
    920    -38  14984
    954    -44  15032
    950    -40  14958
    960    -58  14992
    948    -38  14976
    992    -52  14962
    898    -50  14992
    950    -52  14992
    940    -66  15022
    918    -22  14976
    950    -46  14996
    928    -48  14980
    958    -60  15026
    948    -60  14990
    942    -34  14990
    966    -50  14968
    962    -16  14996
    978    -40  15004
    956    -60  14994
    980    -36  15010
    920    -54  14948
    924    -52  14986
    976    -68  14948
    942    -40  14948
    964    -60  14944
    940    -12  14950
    948    -18  14960
    960    -32  14992
    946    -30  14972
    910    -64  15020
    914    -52  15000
    918    -36  15034
    934    -42  14988
    936    -28  14984
    956    -46  14976
    970    -34  14952
    904    -38  14964
    964    -36  14976
    938    -40  14962
    992    -52  14974
    940    -32  14976
    908    -34  14922
    928    -50  14962
    958    -64  15012
    970    -42  15026
    968    -46  15022
    950    -60  14960
    908    -36  14994
    936    -52  14974
    938    -16  14986
    946    -34  15014
    960    -38  14962
    966    -40  15010
    964    -54  14974
    944    -32  15012
    948    -20  14992
    926    -34  14966
    916    -48  14952
    936    -36  14972
    936    -40  14964
    950    -46  15000
    946    -52  15004
    922    -30  14978
    936    -40  14954
    924    -38  14952
    932    -36  14970
    936    -68  15002
    938    -44  14990
    910    -42  15006
    938    -48  14964
    986    -52  14958
    950    -38  14972
    918    -26  14974
    938    -34  14962
    962    -48  14984
    944    -70  14974
    990    -36  14976
    964    -28  14966
    908    -14  14964
    942    -56  14992
    944    -74  15002
    918    -58  14934
    938    -58  14976
    928    -50  15004
    910    -24  14968
    952    -36  14972
    966    -42  14974
    934    -64  14978
    964    -38  14976
    936    -46  15026
    940    -58  14992
    952    -54  14976
    920    -38  14936
    942    -50  14974
    932    -24  14988
    986    -36  14986
    942    -36  14976
    966    -50  14982
    922    -34  14998
    924    -60  15014
    928    -46  14954
    948    -38  14964
    940    -60  15020
    960    -62  14948
    922    -46  14960
    984    -38  14952
    948    -34  14970
    988    -38  14988
    936    -44  15004
    990    -22  15012
    960    -32  14958
    968    -24  14982
    954    -36  15000
    920    -72  14978
    928    -32  14966
    968    -68  14990
    958    -52  14972
    928    -38  14920
    976    -44  15000
    958    -22  14998
    956    -38  14962
    958    -50  14984
    944    -42  14944
    988    -40  14956
    946    -56  15028
    964    -62  14920
    956    -32  14956
    938    -56  14976
    940    -44  15000
    938    -30  14950
    958    -52  14940
    948    -68  15022
    940    -46  14972
    976    -50  14966
    942    -40  14976
    948    -26  14924
    912    -40  14994
    934    -40  14996
    920    -50  14996
    926    -58  14978
    940    -64  14974
    938    -42  14988
    958    -48  14970
    948    -46  14958
    908    -56  14934
    980    -36  14998
    940    -42  15024
    946    -58  14950
    960    -82  14926
    894    -60  14974
    962    -22  14968
    956    -68  14972
    932    -80  14956
    938    -50  14964
    942    -66  14980
    968    -54  14962
    940    -54  14934
    946    -32  14968
    962    -42  15000
    958    -64  14944
    956    -38  14954
    968    -54  14974
    922    -32  14998
    942    -64  14972
    922    -50  15008
    924    -80  14982
    986    -56  14978
    972    -16  14998
    932    -52  14980
    982    -54  15000
   1000    -64  14982
    966    -44  14986
    972    -30  14974
    956    -62  14996
    952    -52  14942
    944    -36  14956
    994    -54  14962
    960    -78  14972
    938    -68  14944
    978    -26  14958
    962    -68  15006
    950    -44  14962
    940    -42  14974
    980    -70  14972
    930    -72  14974
    958    -22  15002
    948    -52  14970
    978    -64  15000
    942    -42  14970
    950    -40  15010
    940    -64  14992
    962    -48  14984
    942    -96  14976
    920    -32  14994
    952    -32  15014
    958    -10  14952
    936    -24  14986
    996    -46  14948
    946    -60  14978
    952     -6  15000
    940    -22  15016
    908    -48  14942
    954    -70  14986
    970    -24  14972
    928    -66  14968
    952    -64  15000
    904    -34  14980
    952    -42  14954
    970    -48  14934
    916    -54  14972
    950    -26  15002
    958    -26  15040
    944    -36  14944
    946    -48  14932
    960    -50  14970
    952    -58  14940
    934    -36  14998
    948    -44  15006
    950    -32  14996
    924    -58  14964
    930    -46  14964
    922    -42  14950
    930    -26  15040
    944    -28  14968
    964    -12  14974
    950    -20  14970
    930    -42  14950
    918    -32  14988
    912    -44  14972
    920    -60  14936
    978    -66  14950
    908    -46  14956
    942    -58  14978
    912    -28  14972
    940    -42  14976
    912    -74  14950
    944    -12  14996
    958    -86  14970
    948    -48  14966
    954    -42  14952
    964    -68  14998
    946    -56  14992
    948    -22  14958
    940    -12  14974
    964    -28  14964
    948    -42  15014
    944    -44  14982
    952    -36  14976
    988    -50  14988
    934    -20  14966
    948    -50  14986
    916    -32  14934
    912    -58  14994
    946    -50  15010
    946    -60  14942
    936    -46  14982
    920    -42  14978
    934    -50  15004
    960    -48  14988
    966    -38  14990
    968    -20  14994
    922      4  14988
    918    -14  15008
    944    -26  14974
    944    -46  14998
    968    -36  15010
    940    -34  15004
    936    -54  14972
    944    -16  15018
    944    -54  14980
    950    -46  14962
    966    -48  14984
    946    -26  14968
    974    -34  14966
    960    -34  14940
    974    -38  14986
    960    -30  15004
    944    -36  14956
    930    -62  14972
    962    -28  14968
    960    -44  14934
    938    -70  14982
    954    -30  14964
    926    -56  15016
    950    -60  14998
    972    -44  14972
    966    -50  14974
    952    -50  15016
    960    -66  15006
    936    -66  14940
    934    -44  14966
    932    -36  14966
    934    -32  14970
    940    -38  14940
    956    -40  14916
    948    -50  14932
    962    -34  14992
    942    -44  14954
    960    -56  14972
    930    -38  15028
    928    -32  14938
    970    -56  14936
    942    -32  15020
    954    -66  14984
    932    -66  14958
    902    -36  14974
    950    -20  15000
    974    -54  14986
    926    -66  14988
    984    -34  14960
    948    -44  14988
    942    -32  14982
    964    -34  14960
    948    -44  14986
    918    -12  14952
    984    -52  14964
    962    -34  14984
    960    -66  14968
    946    -54  14998
    952    -34  15002
    952    -32  14968
    944    -68  14972
    984    -44  15006
    946    -32  14990
    944    -24  14980
    968    -54  14932
    942    -50  15006
    960    -48  14978
    936    -34  14912
    968    -68  14954
    948    -50  14962
    932    -30  14898
    952    -44  14954
    944    -72  15014
    916    -42  14952
    960     -8  15014
    940    -68  14978
    970    -36  14978
    924    -64  14978
    952    -58  14960
    938    -36  15004
    934    -24  14980
    966    -40  14986
    940    -58  15008
    946    -60  15020
    952    -38  14940
    928    -42  14982
    958    -62  15000
    934    -62  14986
    960    -32  14976
    954    -48  14954
    940    -32  14966
    950    -52  14992
    974    -56  14998
    968    -34  14966
    930    -58  14986
    944    -24  14992
    988    -34  14952
    964    -74  15000
    944    -30  14980
    942    -42  14990
    938    -34  15020
    940    -48  14998
    946    -58  15010
    932    -58  14978
    964    -28  14922
    946    -34  14978
    948    -32  14960
    954    -44  14988
    930    -36  15028
    968    -60  14994
    962    -36  14950
    924    -50  14952
    966    -52  14988
    928    -58  14990
    944    -58  14952
    982    -56  14944
    926    -62  14950
    942    -70  15002
    948    -46  15004
    954    -64  15002
    970    -42  14936
    956    -28  14974
    958    -64  14988
    962     -4  15004
    968    -38  15022
    972    -62  14972
    918    -50  15020
    918    -76  14952
    966    -50  14986
    946    -24  14980
    944    -30  15012
    952    -14  14974
    978    -68  14940
    952    -30  15008
    952    -50  14956
    956    -38  14974
    944    -48  14944
    962    -50  14984
    956    -60  14974
    972    -70  15026
    942    -24  14968
    990    -44  14996
    974    -40  14952
    980    -52  14960
    986    -46  14948
    946    -66  14964
    936    -56  14946
    970    -32  14988
    954    -56  14946
    956    -46  14996
    930    -42  15020
    972    -52  14984
    936    -66  14994
    944    -34  14996
    946    -50  14978
    952    -58  15008
    946    -56  14948
    962    -46  14974
    946    -52  14958
    924    -58  14984
    938    -42  14992
    950    -46  15020
    934    -46  14986
    982    -38  14978
    980    -10  14948
    968    -56  14980
    954    -56  14978
    954    -44  14998
    994    -52  15008
    950    -62  15010
    926    -54  14982
    940    -28  14990
    972    -32  14986
    938    -56  14998
    936    -60  15020
    946    -60  15002
    956    -44  14950
    962    -58  14940
    914    -36  14974
    944    -16  14974
    970    -46  15014
    958    -44  14976
    960    -40  14936
    944    -44  14978
    952    -36  14962
    964    -42  14968
    970    -48  14934
    948    -44  14980
    920    -36  14950
    938    -52  14996
    928    -48  14984
    964    -26  15008
    976    -18  14976
    954    -22  14974
    914    -46  14958
    942    -36  14942
    944    -30  14938
    970    -54  15008
    970    -48  14968
    950    -46  15006
    928    -30  15006
    948    -42  14994
    986    -44  14994
    962    -66  14976
    938    -46  14974
    960    -60  14970
    960    -44  14990
    944    -64  14980
    952    -52  14984
    960    -34  14958
    966    -48  14992
    960    -56  14966
    940    -22  14938
    968    -58  14974
    934    -44  14958
    952    -32  14926
    940    -44  15004
    950    -44  14918
    948     -4  14976
    966    -20  14952
    942    -38  14994
    928    -70  14956
    954    -72  14984
    946    -40  14954
    944    -62  14984
    960    -26  15038
    950    -20  14982
    960    -40  14968
    952    -50  14968
    960    -22  14946
    908    -58  14982
    938    -44  15014
    946    -26  14970
    966    -38  14964
    952    -72  14948
    968    -24  14946
    956    -24  14962
    940    -52  14966
    950    -70  14958
    950    -38  14956
    960    -50  15008
    926    -28  14976
    948    -26  14974
    922    -38  14926
    946    -76  14946
    928     -8  14980
    950    -46  14972
    948    -44  14996
    962    -44  14968
    978    -84  14974
    962    -40  15014
    928    -50  14994
    934    -50  14986
    962    -40  14996
    952    -20  14978
    926    -28  14970
    956    -44  14980
    966    -66  14996
    940    -50  14946
    920    -64  14966
    928    -30  14966
    934    -36  14920
    918    -34  14972
    978    -54  14968
    958    -46  14980
    954    -32  14942
    952    -50  14950
    952    -34  14978
    948    -24  14996
    954    -30  14958
    932    -46  15002
    958    -56  14962
    930    -52  14958
    910    -22  15002
    964    -48  14978
    986    -38  14994
    942    -32  15016
    938    -54  14984
    974    -42  15010
    982    -38  14982
    922    -36  14958
    964    -54  14960
    952    -62  14956
    934    -56  14964
    952    -32  14966
    936    -44  14940
    944    -52  14912
    950    -64  14970
    962    -22  14974
    946     -4  14946
    950    -24  14966
    938    -52  15006
    986    -82  14968
    958    -40  14962
    934    -54  14956
    928    -54  14962
    934    -46  14968
    970    -56  14960
    950    -54  15018
    932    -60  14996
    936    -64  14994
    924    -12  14964
    960    -12  14988
    962    -28  14960
    914    -36  14970
    924    -60  14970
    954    -56  14962
    958    -42  15024
    948    -34  15010
    960    -52  14984
    924    -46  14968
    952    -42  14980
    942    -52  14968
    966    -18  14992
    936    -38  14996
    934    -50  14944
    920    -52  14966
    946    -38  14996
    960    -50  14980
    932    -54  14934
    928    -54  14984
    956    -66  14984
    924    -26  14962
    946    -52  14966
    938    -50  14998
    926    -44  14970
    942    -68  14988
    978    -44  14946
    966    -36  14984
    932    -42  14956
    958    -54  14974
    926    -44  14974
    960    -34  14974
    934    -36  14992
    964    -12  14996
    950    -60  14944
    938    -36  14966
    952    -70  15014
    950    -62  14964
    966    -36  14984
    956    -30  14956
    996    -48  14976
    964    -46  14980
    970    -36  14990
    976    -38  14980
    976    -60  14958
    964    -38  15002
    954    -22  14992
    934    -50  14974
    950    -22  15010
    936    -44  14980
    970    -34  15002
    932    -16  14976
    960    -30  15016
    958     -8  14974
    960    -48  15030
    960    -30  14974
    936    -38  14994
    954    -56  14996
    960    -78  15020
    970    -46  14988
    954    -48  14988
    938    -22  14994
    968    -54  14976
    954    -34  14938
    920    -38  14950
    906    -34  14974
    952    -36  15000
    950    -30  14962
    970    -38  14946
    950    -58  14986
    912    -58  14956
    972    -52  14982
    944    -66  14972
    984    -52  14980
    980    -66  14970
    954    -40  14982
    910    -52  14986
    940    -40  14974
    950    -74  15022
    950    -56  14998
    942    -38  14954
    958    -48  14978
    938    -44  14942
    938    -18  14976
    956    -66  14990
    936    -46  14974
    940    -68  14974
    954    -60  14976
    954    -22  15000
    922    -50  14934
    938    -20  14972
    920    -40  15006
    938    -38  14994
    938    -56  15028
    926    -58  14982
    954    -36  14942
    962    -58  14932
    954    -20  14984
    968     -4  14948
    942    -26  14962
    962    -48  14968
    942    -26  14990
    968    -34  15018
    950    -38  14990
    970    -48  14960
    936    -60  15020
    952    -52  14938
    930    -40  15004
    930    -14  14986
    930    -28  14958
    924    -14  14980
    958    -32  14970
    942    -32  14966
    990    -54  15036
    956    -16  14994
    940    -54  14950
    940    -30  14954
    954    -18  14958
    974    -62  14922
    914    -50  14984
    940    -52  14956
    952    -56  15008
    972    -76  14962
    960    -64  14982
    932    -34  14980
    956    -64  14980
    938    -70  14984
    976    -72  14972
    910    -32  14988
    948    -70  14982
    944    -36  14978
    946    -52  14952
    912    -78  14972
    940    -56  14962
    968    -72  15002
    976    -44  14984
    922    -46  14958
    960    -34  14994
    962    -28  14976
    924    -52  14934
    972    -48  14966
    962    -42  14988
    948    -52  14960
    950    -62  14984
    954    -52  15008
    978    -14  14992
    960    -14  14974
    954    -36  14986
    932    -36  14954
    934    -32  14996
    962    -30  14966
    934    -26  14972
    960    -42  14998
    946    -66  14954
    928    -36  14992
    962    -64  14938
    954    -28  14928
    968    -42  14944
    942    -22  14944
    980    -32  14960
    958    -44  14996
    954    -32  14968
    944    -12  14986
    954    -10  14992
    950    -28  15006
    990    -36  14990
    970    -30  14956
    956    -20  14924
    930    -40  15012
    934    -80  15000
    942    -42  15004
    950    -28  14984
    932    -58  15018
    976    -58  14986
    970    -16  14946
    966    -46  15004
    956    -40  14998
    942    -58  15000
    966    -72  14970
    942    -52  14990
    942    -58  15000
    952    -36  14966
    958    -16  15020
    952    -50  14988
    940    -60  14962
    936    -54  14918
    954    -36  14960
    976    -62  15014
    946    -40  15000
    972    -46  14974
    976    -56  14988
    950    -48  14978
    984    -60  14994
    984    -66  14998
    954    -42  15002
    950    -58  14972
    930    -62  14964
    978    -52  14924
    902    -54  14960
    954    -44  15014
    950    -14  14966
    950    -38  14972
    960    -62  14964
    902    -40  14964
    962    -74  15006
    944    -22  14958
    954    -54  14944
    974    -18  15016
    932    -30  15006
    954    -54  14968
    952    -52  14912
    962    -36  15012
    966    -48  14968
    940    -44  14980
    930    -28  14978
    932    -28  14958
    920    -20  15006
    966    -30  15008
    948    -16  15016
    950    -46  14992
    932    -46  14966
    942    -48  14996
    952    -56  14978
    984    -38  14960
    924    -28  14960
    964    -32  14986
    972    -54  15002
    950    -54  14990
    966    -64  14954
    980    -42  14964
    958    -50  14998
    958    -52  14958
    976    -58  14978
    990    -68  14976
    948    -16  15020
    978    -34  14952
    972    -26  15000
    960    -46  14994
    968    -22  14932
    960    -42  14958
    952    -48  14968
    940    -34  14990
    946    -56  15008
    942    -54  14952
    952    -54  14936
    946    -72  14962
    958    -56  14968
    944    -40  14918
    976    -54  14972
    946    -64  14938
    944    -44  14956
    978    -52  14970
    958    -16  14976
    970    -50  14980
    956    -44  14974
    952    -60  15000
    980    -54  14958
    942    -22  14940
    930    -28  14962
    958    -38  14950
    938    -48  14992
    934    -44  14994
    962    -60  14974
    960    -48  14986
    968    -26  14936
    928    -66  15040
    942    -70  14976
    994    -24  14950
    946    -50  14970
    972    -40  14940
    936    -32  14974
    964    -46  14966
    918    -34  14974
    960    -34  14976
    918    -60  15046
    938    -36  14966
    948    -54  14998
    952    -50  15000
   1000    -62  14968
    948    -46  14954
    954    -42  14972
    978    -26  15006
    916    -50  14972
    942    -38  14986
    942    -28  14964
    962    -50  14986
    958    -48  14946
    960    -52  14970
    968    -84  14984
    966    -34  14938
    960    -30  14910
    936    -58  14964
    946    -40  15000
    950    -30  14944
    974    -38  14960
    946    -32  14998
    964    -32  14984
    964    -26  14994
    946    -34  14950
    956    -18  14954
    960    -34  14950
    950    -82  14950
    990    -38  14942
    938    -20  14956
    936    -12  15016
    946    -64  14984
    928    -64  15022
    980    -26  14972
    930    -54  14984
    952    -44  14990
    934    -72  14944
    950    -24  14942
    934    -70  14968
    972    -60  15008
    942    -50  14988
    978    -40  15028
    920    -62  15014
    972    -52  14974
    984    -40  14998
    972    -32  14950
    970    -22  15006
    942    -42  14992
    998    -50  14978
    962    -40  14946
    950    -40  14986
    936    -40  14952
    930    -52  14982
    948    -42  15006
    966    -38  14938
    966    -54  15004
    976    -60  14976
    966    -42  14986
    944    -48  14994
    930    -26  14908
    920    -24  15024
    960    -34  14976
    956    -22  14988
    950    -42  14994
    938    -40  14980
    944    -48  15006
    944    -36  14986
    938    -66  14954
    924     -2  14958
    950    -40  14980
    888    -90  14974
    882    -48  14972
    930    -56  14968
    938    -60  14980
    958    -46  14982
    970    -38  14982
    928    -62  14962
    932    -56  14958
    940    -72  14964
    942    -24  14944
    982    -30  15012
    956    -66  14992
    962    -38  14996
    940    -68  14970
    940    -52  14990
    974    -62  14944
    964    -72  14990
    960    -66  15000
    962    -44  14960
    944    -48  14986
    932    -30  14962
    930    -64  15034
    946    -46  14986
    936    -26  14932
    994    -48  14952
    960    -56  14968
    950    -46  14964
    952    -70  14914
    936    -82  14946
    942    -36  14992
    956    -22  15012
    958    -66  14974
    958    -24  14972
    962    -56  14954
    900    -48  14978
    934    -56  14954
    958    -44  14934
    944    -14  14966
    936    -40  14978
    940    -16  14996
    964    -12  14980
    980    -42  14948
    954    -70  14978
    934    -38  14934
    974    -64  15014
    952    -68  14966
    954    -36  14994
    946    -36  15012
    932    -64  14980
    958    -72  14950
    942    -28  15002
    958    -38  14962
    950    -40  14992
    948    -48  14986
    914    -50  14974
    970    -42  14990
    958    -32  14944
    934    -66  14964
    926    -56  14948
    980     -6  14986
    934    -42  14986
    952    -24  14962
    946    -46  14962
    942    -24  14972
    952    -44  14980
    956    -24  14982
    948    -32  14998
    930    -28  14990
    928    -84  14972
    966    -30  15016
    960    -54  15022
    964    -36  15008
    968    -22  14998
    972    -38  14980
    926    -44  15002
    986    -52  14958
    964    -40  14990
    966    -50  14930
    992    -18  14998
    938    -52  14984
    956    -36  14972
    950    -38  14968
    914    -68  14958
    948    -62  14982
    944    -32  14970
    946    -50  14970
    942    -62  14968
    960    -60  14998
    958    -30  14976
    966    -58  14934
    930    -42  14972
    936    -36  14956
    948    -40  14960
    982    -36  14954
    960    -38  14956
    940    -68  14974
    932    -28  15030
    942    -52  14970
    958    -36  14990
    966    -54  14962
    982    -54  14918
    918    -42  14990
    942    -48  15000
    932    -52  14986
    974    -36  14964
    920    -20  14994
    978    -48  14954
    974    -60  14948
    936    -48  14948
    982    -24  14960
    934    -30  14966
    964    -36  15008
    952    -42  15016
    930    -98  14928
    984    -80  14984
    948    -54  14978
    924    -72  15004
    938    -32  14960
    966    -58  14988
    998    -28  14994
    974    -26  14990
    958    -52  14974
    932    -72  14962
    942    -56  14978
    932    -72  15022
    940    -38  14940
    956    -52  14970
    956    -48  14934
    932    -14  14952
    952    -68  15000
    952    -52  14968
    958    -20  14968
    962    -42  14992
    966    -38  14992
    938    -16  15026
    944    -50  15038
    918    -74  14990
    930    -58  14996
    942    -30  14970
    920    -50  14974
    966    -56  14948
    970    -26  14924
    954    -46  14984
    950    -40  14982
    934     16  14994
    970    -16  15008
    968    -38  15002
    982    -58  14982
    952     -6  15004
    962    -50  14958
    948    -52  15016
    944    -44  14952
    934    -70  14970
    972    -62  14968
    972    -50  15002
    994    -38  15008
    966    -42  14998
    972    -36  14938
    978    -26  14936
    928    -36  14970
    940    -50  14950
    946    -38  14968
    964    -66  14948
    974    -40  14990
    962    -62  14980
    990    -54  14980
    978    -36  15010
    974    -42  14974
    948    -30  14994
    940    -30  14972
    960    -46  14982
    954    -36  15004
    956    -46  14994
    950    -64  14952
    956    -32  14984
    946    -24  14990
    966    -58  14974
    942    -40  14968
    976    -62  14982
    998    -30  15000
    952    -26  14966
    962    -48  14992
    956    -46  14984
    944    -70  14978
    926    -56  14970
    942    -22  14956
    936    -68  14994
    932    -66  14930
    954    -72  14990
    974    -46  14962
    946    -58  14966
    970    -42  14936
    946    -44  14960
    916    -74  15010
    968    -32  14954
    976    -70  14996
    960    -62  14952
    938    -48  14960
    952    -40  14946
    948    -42  14974
    948    -20  15008
    950    -28  14942
    934    -24  15016
    950    -30  14948
    970     -8  15004
    948    -44  14910
    950    -58  15010
    960    -38  14988
    950    -62  14954
    962    -86  14964
    976    -54  14962
    926    -16  14986
    940    -54  14918
    948    -70  14988
    950    -46  15008
    950    -38  1503