    980 -16742  -1232
    986 -16742  -1242
    988 -16720  -1212
   1008 -16736  -1172
   1008 -16700  -1210
   1010 -16744  -1188
    982 -16726  -1258
    986 -16696  -1234
    970 -16710  -1262
    980 -16704  -1198
   1024 -16768  -1230
   1014 -16678  -1250
   1000 -16730  -1256
    994 -16716  -1220
   1016 -16732  -1250
    990 -16706  -1240
    972 -16754  -1202
   1000 -16704  -1240
    938 -16702  -1230
    930 -16704  -1208
    966 -16706  -1194
   1012 -16716  -1220
    998 -16692  -1210
    976 -16702  -1222
    970 -16716  -1252
    978 -16704  -1294
    956 -16740  -1234
    986 -16718  -1172
    976 -16712  -1198
    994 -16720  -1214
    958 -16724  -1224
    964 -16732  -1224
    972 -16700  -1230
   1004 -16682  -1260
   1016 -16692  -1222
    988 -16714  -1228
    978 -16706  -1236
    984 -16720  -1240
    960 -16712  -1246
    968 -16732  -1226
    980 -16726  -1202
    992 -16742  -1218
    978 -16724  -1226
    972 -16722  -1228
    974 -16722  -1236
    958 -16714  -1252
    946 -16716  -1200
    986 -16708  -1206
    970 -16708  -1252
    968 -16730  -1232
    978 -16728  -1204
    982 -16700  -1204
    968 -16746  -1196
    988 -16720  -1208
    986 -16694  -1200
    992 -16726  -1216
    998 -16738  -1212
    974 -16708  -1218
    958 -16732  -1206
    968 -16748  -1188
    968 -16724  -1246
    962 -16736  -1256
    984 -16730  -1262
   1002 -16704  -1186
   1000 -16724  -1194
   1000 -16726  -1232
    970 -16726  -1216
    978 -16708  -1198
    988 -16684  -1238
    954 -16706  -1228
    992 -16744  -1228
    976 -16716  -1158
    972 -16730  -1232
    974 -16710  -1234
    982 -16736  -1236
    980 -16718  -1208
   1000 -16712  -1236
    978 -16712  -1232
    966 -16716  -1228
    986 -16730  -1212
    980 -16718  -1266
    992 -16728  -1268
    980 -16732  -1222
    958 -16700  -1254
    988 -16746  -1248
    988 -16688  -1224
    946 -16700  -1274
    966 -16716  -1250
    972 -16732  -1214
    980 -16728  -1194
    988 -16710  -1202
    944 -16714  -1182
    980 -16696  -1236
    962 -16704  -1216
    984 -16698  -1208
    956 -16678  -1230
    960 -16722  -1240
    958 -16730  -1240
    966 -16694  -1238
    990 -16714  -1232
    982 -16728  -1220
    978 -16714  -1204
    996 -16702  -1248
    992 -16696  -1258
   1016 -16720  -1230
    990 -16738  -1198
    984 -16722  -1212
    962 -16732  -1214
    990 -16714  -1228
    950 -16712  -1196
    984 -16726  -1168
    978 -16738  -1224
    990 -16748  -1236
    960 -16722  -1236
    944 -16726  -1228
   1006 -16720  -1268
    990 -16700  -1202
    992 -16754  -1234
    966 -16702  -1222
    970 -16696  -1254
   1028 -16700  -1218
    990 -16738  -1240
    986 -16722  -1228
    960 -16692  -1222
    960 -16722  -1198
    962 -16686  -1226
    972 -16736  -1198
   1000 -16730  -1268
    950 -16708  -1192
    956 -16732  -1238
    954 -16712  -1228
    978 -16706  -1228
    976 -16694  -1194
    968 -16732  -1210
   1012 -16730  -1266
    954 -16696  -1190
    956 -16712  -1218
    996 -16702  -1250
    984 -16702  -1238
   1020 -16724  -1256
    990 -16700  -1238
    960 -16692  -1188
    970 -16714  -1218
    958 -16712  -1274
    974 -16694  -1246
    958 -16694  -1228
    960 -16714  -1188
   1014 -16728  -1234
    974 -16666  -1250
    996 -16768  -1224
    984 -16660  -1208
    986 -16754  -1192
    994 -16700  -1220
    988 -16706  -1214
    950 -16720  -1224
    976 -16690  -1252
    978 -16698  -1186
    984 -16728  -1268
    958 -16706  -1272
   1002 -16688  -1192
    972 -16730  -1214
    964 -16712  -1206
    974 -16708  -1262
    988 -16744  -1234
    966 -16708  -1230
    990 -16724  -1188
    940 -16720  -1254
    942 -16690  -1220
    976 -16686  -1216
    990 -16718  -1176
    990 -16726  -1192
    984 -16706  -1258
    970 -16718  -1264
    962 -16736  -1240
   1010 -16726  -1216
    988 -16706  -1272
    974 -16710  -1238
    984 -16702  -1232
    994 -16718  -1208
    952 -16740  -1210
    986 -16708  -1260
   1020 -16692  -1256
    980 -16692  -1208
    984 -16724  -1278
    978 -16736  -1264
    974 -16738  -1220
    974 -16710  -1186
    938 -16714  -1182
    960 -16704  -1228
    970 -16694  -1220
    982 -16696  -1242
    966 -16722  -1212
    988 -16694  -1228
    986 -16746  -1192
    976 -16704  -1244
   1002 -16714  -1190
    992 -16752  -1200
    964 -16690  -1226
    990 -16722  -1208
    984 -16736  -1238
   1008 -16740  -1242
    984 -16714  -1230
    962 -16716  -1240
    986 -16742  -1194
    976 -16740  -1216
    978 -16744  -1244
    966 -16700  -1248
    998 -16738  -1220
    970 -16756  -1180
    950 -16744  -1220
   1000 -16730  -1234
    962 -16732  -1194
    978 -16720  -1200
   1016 -16714  -1200
    974 -16718  -1220
    962 -16706  -1260
    968 -16718  -1252
    980 -16738  -1238
    962 -16732  -1266
    992 -16716  -1196
    978 -16736  -1192
   1000 -16712  -1238
    946 -16716  -1208
   1002 -16738  -1256
    952 -16704  -1206
   1006 -16706  -1216
    984 -16720  -1194
    950 -16720  -1244
    998 -16700  -1220
    998 -16724  -1182
    974 -16712  -1206
   1006 -16692  -1228
    980 -16700  -1172
   1006 -16726  -1252
    954 -16740  -1232
    994 -16684  -1212
    980 -16716  -1192
   1006 -16742  -1224
    958 -16706  -1216
    972 -16740  -1206
    972 -16714  -1282
    974 -16728  -1232
    980 -16716  -1204
    958 -16722  -1194
    956 -16748  -1232
    964 -16702  -1228
    990 -16692  -1216
    974 -16728  -1258
    988 -16720  -1218
    970 -16704  -1180
    962 -16726  -1196
    962 -16734  -1204
    990 -16702  -1296
   1020 -16712  -1254
    966 -16702  -1238
    990 -16734  -1262
    954 -16736  -1262
    962 -16724  -1274
    954 -16718  -1252
    984 -16720  -1232
    992 -16710  -1240
    972 -16720  -1238
    966 -16734  -1212
    934 -16718  -1232
    974 -16726  -1236
    956 -16720  -1254
   1010 -16708  -1234
    964 -16694  -1240
    996 -16718  -1214
    972 -16726  -1220
    976 -16762  -1264
    960 -16722  -1226
    952 -16712  -1196
    966 -16720  -1222
    966 -16726  -1270
    950 -16730  -1182
    956 -16720  -1212
    976 -16732  -1252
    948 -16696  -1210
    988 -16744  -1212
    950 -16684  -1226
    992 -16724  -1204
    992 -16726  -1238
   1000 -16724  -1192
    950 -16716  -1184
    994 -16710  -1238
   1002 -16720  -1224
    976 -16728  -1182
    982 -16700  -1206
    948 -16708  -1254
    938 -16726  -1218
    972 -16702  -1228
    966 -16722  -1184
    932 -16708  -1206
    972 -16714  -1216
    990 -16732  -1272
    984 -16708  -1246
    974 -16708  -1236
    952 -16712  -1244
    972 -16684  -1228
    966 -16728  -1248
    994 -16714  -1216
    968 -16708  -1214
    980 -16726  -1208
    978 -16728  -1184
    920 -16724  -1192
    950 -16732  -1222
   1000 -16720  -1288
    990 -16734  -1260
    994 -16698  -1192
   1004 -16716  -1212
    994 -16714  -1228
    984 -16722  -1254
    966 -16692  -1222
    976 -16742  -1246
    974 -16750  -1212
    982 -16714  -1222
    948 -16700  -1234
    968 -16694  -1216
    980 -16738  -1196
    952 -16750  -1186
    984 -16722  -1236
    970 -16716  -1230
    972 -16724  -1210
   1008 -16744  -1258
    972 -16686  -1202
    950 -16720  -1244
    972 -16728  -1224
    986 -16726  -1262
    984 -16730  -1234
    986 -16744  -1238
    956 -16728  -1252
    976 -16722  -1222
    976 -16686  -1214
    968 -16722  -1254
    984 -16726  -1200
    986 -16714  -1218
    968 -16710  -1218
    966 -16728  -1224
    972 -16720  -1246
   1002 -16712  -1234
    972 -16752  -1230
    962 -16728  -1232
    934 -16710  -1230
    994 -16698  -1250
    968 -16746  -1214
    990 -16716  -1226
    988 -16678  -1246
    980 -16720  -1256
    990 -16738  -1232
    972 -16710  -1214
    990 -16692  -1222
    938 -16740  -1224
   1004 -16702  -1196
    980 -16750  -1208
    990 -16716  -1202
    988 -16718  -1230
    988 -16724  -1252
    958 -16710  -1240
    972 -16740  -1220
    964 -16708  -1238
    988 -16722  -1250
    938 -16712  -1222
    980 -16710  -1248
    988 -16700  -1248
    972 -16708  -1206
    994 -16710  -1242
    992 -16722  -1232
    964 -16724  -1214
    978 -16718  -1246
    966 -16696  -1182
   1004 -16728  -1266
   1000 -16704  -1230
    972 -16728  -1226
    978 -16716  -1232
    948 -16736  -1246
    934 -16730  -1242
    960 -16720  -1222
    996 -16710  -1234
    980 -16740  -1238
    984 -16728  -1224
    974 -16714  -1230
    970 -16710  -1210
    962 -16692  -1236
    956 -16714  -1264
    956 -16718  -1224
    998 -16712  -1236
    992 -16718  -1206
    964 -16728  -1184
    996 -16698  -1198
    978 -16732  -1200
    980 -16736  -1258
    974 -16736  -1228
    984 -16740  -1216
    988 -16702  -1222
    978 -16758  -1228
    976 -16712  -1210
    976 -16702  -1174
    982 -16720  -1230
    990 -16706  -1258
    998 -16688  -1248
    960 -16730  -1198
    998 -16700  -1232
    954 -16722  -1216
    970 -16754  -1288
    986 -16740  -1196
    972 -16702  -1222
    976 -16714  -1228
    978 -16728  -1218
    986 -16698  -1156
   1006 -16730  -1206
    960 -16722  -1210
    964 -16706  -1178
    966 -16732  -1218
    994 -16700  -1220
    988 -16762  -1248
    968 -16700  -1226
    990 -16746  -1214
    984 -16698  -1232
    972 -16718  -1194
    946 -16748  -1230
    970 -16684  -1252
    982 -16716  -1226
   1004 -16714  -1248
    954 -16696  -1250
    972 -16724  -1202
    962 -16726  -1240
    966 -16746  -1194
    988 -16700  -1226
    968 -16730  -1230
    954 -16704  -1226
    976 -16734  -1234
    960 -16730  -1270
    974 -16714  -1210
    968 -16738  -1260
    956 -16696  -1236
    976 -16698  -1216
    986 -16692  -1276
    962 -16712  -1240
    980 -16724  -1224
    976 -16746  -1266
    988 -16712  -1262
    960 -16724  -1226
    988 -16702  -1218
    960 -16722  -1212
    974 -16722  -1250
   1004 -16714  -1206
    984 -16688  -1230
    990 -16738  -1224
    976 -16720  -1204
    998 -16722  -1172
    986 -16700  -1226
    956 -16724  -1240
    978 -16716  -1236
    952 -16694  -1210
    976 -16714  -1254
    994 -16720  -1218
    974 -16706  -1240
    968 -16716  -1172
    982 -16714  -1226
    950 -16702  -1202
    994 -16712  -1232
   1016 -16722  -1182
    964 -16688  -1196
    986 -16734  -1232
    970 -16726  -1202
    958 -16710  -1234
    950 -16704  -1256
    958 -16730  -1242
    970 -16710  -1186
    970 -16716  -1244
    978 -16742  -1182
    986 -16704  -1256
    948 -16730  -1260
    976 -16726  -1236
    938 -16762  -1242
    980 -16686  -1222
    990 -16714  -1194
    980 -16716  -1198
    960 -16724  -1256
    978 -16740  -1238
    954 -16692  -1208
    974 -16720  -1172
    988 -16734  -1240
    972 -16722  -1208
    954 -16722  -1236
    956 -16692  -1226
    978 -16730  -1262
    946 -16688  -1248
    982 -16706  -1272
   1014 -16702  -1252
    976 -16724  -1230
    988 -16726  -1214
    966 -16706  -1238
    990 -16728  -1218
    978 -16744  -1208
    998 -16714  -1212
    996 -16714  -1240
    964 -16706  -1210
    974 -16744  -1246
    982 -16710  -1266
    958 -16706  -1212
    950 -16710  -1232
    958 -16736  -1218
    974 -16738  -1220
    978 -16690  -1220
    976 -16716  -1198
    956 -16726  -1236
    962 -16722  -1208
    966 -16682  -1226
    964 -16732  -1242
    958 -16716  -1198
    958 -16722  -1242
    980 -16718  -1202
    958 -16698  -1228
    976 -16702  -1222
   1002 -16694  -1236
    994 -16712  -1226
    958 -16684  -1180
    984 -16720  -1252
   1000 -16714  -1260
    970 -16714  -1226
    956 -16706  -1220
    962 -16712  -1216
    970 -16744  -1216
    986 -16684  -1220
    966 -16716  -1180
   1000 -16698  -1184
   1004 -16714  -1180
    964 -16716  -1186
    944 -16746  -1218
    990 -16720  -1222
    996 -16716  -1210
    950 -16730  -1216
    952 -16730  -1194
    972 -16698  -1236
    950 -16734  -1230
    964 -16710  -1218
    964 -16710  -1198
    994 -16740  -1206
    988 -16716  -1236
    940 -16738  -1194
    968 -16730  -1224
    994 -16708  -1260
    974 -16736  -1178
    994 -16696  -1180
    968 -16710  -1226
    980 -16750  -1246
    994 -16718  -1206
   1000 -16704  -1212
    996 -16732  -1250
    948 -16692  -1208
    968 -16704  -1228
    988 -16722  -1240
    964 -16680  -1206
    986 -16688  -1232
    954 -16714  -1248
    968 -16716  -1224
    992 -16710  -1230
    992 -16738  -1234
    976 -16746  -1222
    978 -16700  -1208
    974 -16680  -1224
    980 -16710  -1194
    986 -16746  -1200
    948 -16706  -1172
    968 -16720  -1256
   1016 -16706  -1238
    952 -16706  -1236
    982 -16718  -1240
    990 -16714  -1188
    982 -16728  -1228
    996 -16720  -1250
    976 -16744  -1234
    938 -16720  -1214
    960 -16700  -1192
    964 -16720  -1202
    982 -16718  -1230
    984 -16718  -1242
    974 -16728  -1208
    976 -16702  -1210
    956 -16722  -1220
    992 -16742  -1232
    940 -16726  -1238
    986 -16694  -1278
    970 -16724  -1220
    966 -16760  -1268
    968 -16772  -1230
    960 -16728  -1226
    968 -16740  -1230
    960 -16720  -1210
    964 -16694  -1254
    960 -16710  -1228
    980 -16716  -1206
    984 -16694  -1222
    992 -16712  -1230
   1002 -16710  -1210
    960 -16728  -1240
    974 -16704  -1186
    982 -16708  -1244
    972 -16722  -1262
    984 -16716  -1242
    970 -16710  -1202
    966 -16710  -1234
    984 -16712  -1210
    960 -16718  -1220
    960 -16720  -1242
    984 -16712  -1178
    996 -16730  -1206
    962 -16708  -1222
    994 -16698  -1242
    994 -16724  -1220
    960 -16698  -1218
    968 -16706  -1236
    986 -16720  -1232
    974 -16708  -1258
    962 -16694  -1212
    990 -16732  -1268
    986 -16732  -1216
    996 -16724  -1210
    974 -16730  -1274
    968 -16730  -1186
    930 -16738  -1180
    966 -16714  -1218
    966 -16706  -1156
    972 -16712  -1218
    966 -16720  -1226
    944 -16734  -1174
    964 -16730  -1250
    972 -16764  -1242
    952 -16728  -1230
    966 -16738  -1226
    976 -16700  -1232
    962 -16708  -1234
    938 -16744  -1230
   1008 -16706  -1198
    978 -16710  -1180
   1004 -16726  -1178
    984 -16702  -1200
    954 -16704  -1244
    946 -16712  -1200
    974 -16738  -1236
    992 -16728  -1270
   1006 -16730  -1304
    964 -16690  -1214
    972 -16712  -1264
    978 -16698  -1252
    982 -16714  -1226
    986 -16730  -1212
    990 -16748  -1202
    988 -16698  -1164
    970 -16714  -1208
    958 -16720  -1266
    954 -16680  -1220
    990 -16720  -1226
    994 -16726  -1198
   1002 -16698  -1210
    970 -16714  -1206
    972 -16702  -1194
    958 -16718  -1262
   1002 -16702  -1208
    984 -16724  -1168
    996 -16710  -1252
    972 -16718  -1224
    950 -16744  -1230
    966 -16714  -1230
    986 -16724  -1212
   1008 -16716  -1230
    978 -16686  -1204
    970 -16740  -1198
    980 -16716  -1210
    974 -16728  -1196
    956 -16702  -1174
    972 -16704  -1260
    988 -16752  -1224
    972 -16726  -1190
    986 -16738  -1202
    954 -16724  -1242
   1006 -16710  -1222
    982 -16712  -1214
    980 -16730  -1220
    986 -16734  -1222
    992 -16722  -1222
    964 -16756  -1208
    984 -16744  -1216
    996 -16724  -1210
    978 -16724  -1202
    982 -16712  -1198
    988 -16714  -1218
    972 -16700  -1208
    990 -16724  -1234
    990 -16752  -1222
    984 -16724  -1258
    962 -16724  -1238
    984 -16716  -1228
    990 -16724  -1184
    962 -16710  -1202
    972 -16714  -1250
    962 -16708  -1222
    980 -16730  -1272
    988 -16736  -1260
    962 -16726  -1210
    990 -16736  -1230
    998 -16740  -1208
    952 -16724  -1232
    968 -16684  -1230
    978 -16702  -1226
    950 -16716  -1212
    954 -16710  -1244
   1016 -16738  -1252
   1002 -16728  -1226
    966 -16730  -1258
    988 -16728  -1216
    980 -16692  -1228
    954 -16720  -1204
    952 -16704  -1200
    964 -16700  -1212
   1006 -16706  -1226
    982 -16704  -1200
   1016 -16704  -1242
    962 -16728  -1242
    968 -16734  -1236
   1010 -16730  -1220
    990 -16696  -1230
    974 -16718  -1210
    938 -16726  -1180
    998 -16710  -1218
    984 -16704  -1248
    954 -16708  -1212
    976 -16704  -1246
    992 -16726  -1248
   1000 -16716  -1218
   1002 -16738  -1212
    996 -16688  -1190
    984 -16706  -1232
    976 -16702  -1190
    966 -16724  -1228
    938 -16728  -1164
    960 -16700  -1252
    950 -16710  -1228
    934 -16698  -1256
    974 -16684  -1282
    996 -16700  -1210
    970 -16730  -1212
   1000 -16714  -1254
    976 -16702  -1204
    962 -16716  -1192
    964 -16722  -1250
    958 -16712  -1260
    964 -16718  -1242
    962 -16710  -1232
    976 -16744  -1208
    990 -16752  -1250
   1002 -16722  -1226
    988 -16728  -1226
   1004 -16702  -1232
    962 -16730  -1208
    968 -16698  -1242
    944 -16706  -1204
    984 -16700  -1226
    966 -16732  -1256
    982 -16708  -1262
    982 -16714  -1228
    960 -16728  -1222
    984 -16688  -1190
    998 -16674  -1206
    986 -16718  -1214
    994 -16754  -1180
    984 -16718  -1194
   1006 -16710  -1240
    950 -16724  -1266
    988 -16726  -1230
    974 -16714  -1216
    956 -16706  -1266
    952 -16720  -1210
    984 -16706  -1254
    996 -16700  -1228
    972 -16706  -1248
    980 -16744  -1242
    980 -16764  -1204
    978 -16694  -1218
    964 -16714  -1240
    952 -16716  -1216
    990 -16696  -1226
    952 -16724  -1198
    990 -16726  -1206
    972 -16732  -1226
    936 -16730  -1254
    968 -16714  -1242
    966 -16720  -1190
    968 -16742  -1222
    970 -16738  -1226
    964 -16710  -1266
    950 -16702  -1202
    972 -16710  -1218
    946 -16736  -1258
    962 -16688  -1194
    988 -16698  -1206
    986 -16718  -1214
   1000 -16734  -1200
    974 -16698  -1226
    984 -16722  -1252
    982 -16730  -1204
    954 -16724  -1244
    990 -16752  -1222
    952 -16682  -1228
   1012 -16728  -1232
    994 -16726  -1236
    960 -16708  -1190
   1000 -16686  -1216
    950 -16718  -1242
    976 -16718  -1284
    986 -16706  -1224
    972 -16704  -1202
    940 -16702  -1164
    954 -16698  -1250
    984 -16694  -1240
   1008 -16690  -1262
    992 -16736  -1244
    952 -16730  -1242
    990 -16724  -1212
    954 -16738  -1200
   1004 -16732  -1208
    996 -16726  -1216
    982 -16720  -1208
    990 -16742  -1218
    950 -16728  -1208
    976 -16712  -1278
    982 -16692  -1250
    948 -16722  -1180
   1004 -16700  -1244
    984 -16728  -1198
    982 -16716  -1228
    960 -16696  -1188
    996 -16710  -1234
    984 -16730  -1194
    972 -16724  -1252
    960 -16738  -1208
    972 -16732  -1256
    980 -16706  -1272
    994 -16724  -1208
    984 -16726  -1268
    974 -16726  -1228
    996 -16720  -1222
    962 -16712  -1230
   1006 -16740  -1202
    968 -16706  -1204
    968 -16710  -1222
    988 -16720  -1238
    988 -16720  -1206
    962 -16730  -1212
    950 -16712  -1172
    996 -16764  -1202
    948 -16684  -1214
    968 -16718  -1220
    962 -16720  -1192
    982 -16724  -1190
    982 -16734  -1212
    966 -16718  -1230
    982 -16740  -1166
    994 -16754  -1260
    958 -16724  -1192
    958 -16718  -1242
    978 -16744  -1244
    978 -16714  -1256
    986 -16724  -1208
    984 -16698  -1196
    974 -16708  -1216
    950 -16702  -1218
    960 -16752  -1268
    964 -16716  -1262
    942 -16720  -1230
    952 -16710  -1244
    974 -16736  -1222
    948 -16722  -1186
    976 -16738  -1220
    976 -16746  -1184
    964 -16706  -1252
    956 -16698  -1202
    940 -16718  -1214
    970 -16734  -1220
    974 -16696  -1218
    968 -16706  -1248
    984 -16698  -1208
    964 -16698  -1214
    986 -16726  -1212
    998 -16698  -1292
    990 -16712  -1252
    980 -16680  -1216
    974 -16688  -1278
    972 -16712  -1210
    952 -16692  -1266
    946 -16694  -1230
    988 -16708  -1224
    954 -16696  -1206
    940 -16714  -1212
    944 -16726  -1214
    926 -16696  -1194
    994 -16726  -1232
    992 -16710  -1210
    976 -16742  -1258
    972 -16728  -1190
   1012 -16720  -1206
    988 -16694  -1234
    968 -16692  -1198
    966 -16706  -1238
    970 -16704  -1232
    974 -16710  -1270
    978 -16752  -1232
    990 -16712  -1270
    966 -16718  -1220
    960 -16732  -1244
    974 -16702  -1206
    958 -16716  -1236
    984 -16726  -1196
    988 -16722  -1242
    952 -16724  -1260
    988 -16732  -1192
    988 -16702  -1228
    986 -16684  -1204
    960 -16706  -1246
    966 -16706  -1230
    990 -16752  -1230
    952 -16726  -1202
   1008 -16704  -1224
    974 -16732  -1196
    976 -16690  -1250
    944 -16720  -1240
    956 -16734  -1228
    980 -16734  -1234
    974 -16736  -1228
    966 -16710  -1182
    964 -16720  -1220
    968 -16718  -1210
    978 -16706  -1212
    966 -16726  -1182
    968 -16702  -1218
    972 -16708  -1236
    994 -16726  -1230
    998 -16724  -1246
    982 -16728  -1248
   1012 -16734  -1216
    968 -16714  -1228
    984 -16730  -1224
    950 -16722  -1254
    942 -16728  -1202
   1000 -16676  -1226
    974 -16736  -1240
   1004 -16716  -1240
    978 -16694  -1238
    976 -16714  -1264
    992 -16728  -1220
    950 -16712  -1230
    984 -16706  -1218
    974 -16722  -1200
    958 -16692  -1204
    966 -16694  -1218
    970 -16734  -1220
    972 -16716  -1242
    980 -16696  -1250
    988 -16696  -1180
    970 -16732  -1228
   1040 -16728  -1244
   1006 -16710  -1246
    980 -16724  -1216
    960 -16740  -1234
    942 -16728  -1206
    976 -16698  -1240
    990 -16746  -1198
   1002 -16734  -1198
    954 -16728  -1204
    996 -16718  -1230
    970 -16720  -1212
   1014 -16686  -1264
    968 -16738  -1198
    984 -16718  -1202
    960 -16726  -1214
    964 -16738  -1210
    982 -16736  -1208
   1028 -16726  -1224
    960 -16700  -1238
    998 -16710  -1248
    972 -16722  -1254
    968 -16752  -1260
    980 -16706  -1224
   1006 -16710  -1214
    974 -16732  -1236
    996 -16736  -1212
   1012 -16718  -1224
    946 -16714  -1210
    952 -16704  -1208
    972 -16706  -1222
    972 -16692  -1248
    954 -16726  -1210
    954 -16694  -1180
    986 -16702  -1222
    956 -16724  -1210
    970 -16696  -1220
    960 -16702  -1192
    950 -16710  -1200
    974 -16704  -1242
    982 -16718  -1234
    960 -16708  -1198
    974 -16714  -1190
    972 -16724  -1184
    960 -16706  -1206
    992 -16730  -1236
    986 -16712  -1172
    984 -16710  -1262
    968 -16702  -1206
    972 -16690  -1176
    980 -16722  -1198
    992 -16730  -1184
    974 -16750  -1212
    956 -16702  -1248
    962 -16736  -1256
    960 -16724  -1210
    984 -16702  -1248
    994 -16726  -1158
    990 -16718  -1218
    988 -16710  -1248
    986 -16740  -1160
    970 -16694  -1184
   1000 -16704  -1184
    970 -16710  -1236
    992 -16714  -1228
    976 -16696  -1252
   1000 -16734  -1236
    970 -16722  -1248
    952 -16720  -1258
    978 -16770  -1224
    976 -16722  -1212
    986 -16702  -1228
    990 -16730  -1258
    936 -16740  -1238
    968 -16716  -1218
    978 -16750  -1240
    952 -16738  -1196
    956 -16684  -1188
    936 -16708  -1200
    982 -16722  -1240
    918 -16722  -1236
    994 -16710  -1236
    978 -16690  -1240
   1000 -16708  -1220
    974 -16716  -1218
    934 -16726  -1228
    980 -16706  -1250
    982 -16706  -1244
    996 -16700  -1224
    992 -16734  -1214
    960 -16756  -1246
    970 -16728  -1224
    962 -16740  -1216
    952 -16724  -1168
    980 -16714  -1228
    980 -16758  -1172
    962 -16722  -1214
    974 -16722  -1234
    952 -16702  -1248
    966 -16706  -1192
    980 -16730  -1202
    970 -16698  -1232
    954 -16692  -1230
    994 -16706  -1240
    950 -16720  -1212
    954 -16722  -1260
    990 -16718  -1232
    984 -16752  -1222
   1012 -16716  -1252
   1010 -16688  -1214
    974 -16706  -1206
    976 -16706  -1244
    946 -16698  -1210
    984 -16744  -1224
    988 -16730  -1226
    964 -16732  -1240
    998 -16726  -1202
    992 -16720  -1228
    962 -16732  -1178
    966 -16686  -1188
    958 -16716  -1236
    978 -16712  -1254
    946 -16728  -1202
    968 -16722  -1222
    964 -16718  -1240
    968 -16720  -1206
    964 -16730  -1190
    956 -16742  -1216
    990 -16710  -1234
    970 -16716  -1234
    982 -16708  -1228
   1000 -16702  -1250
    948 -16712  -1232
    996 -16732  -1216
    950 -16674  -1184
    960 -16712  -1202
    970 -16708  -1232
    970 -16716  -1212
    942 -16716  -1260
    984 -16722  -1210
    990 -16710  -1192
    992 -16714  -1256
    948 -16724  -1170
    980 -16730  -1218
    964 -16720  -1238
   1012 -16720  -1224
   1006 -16712  -1258
    980 -16724  -1252
    962 -16722  -1222
   1008 -16726  -1222
    992 -16700  -1186
    964 -16750  -1260
    970 -16698  -1242
    974 -16706  -1214
    950 -16706  -1204
    954 -16724  -1244
    966 -16678  -1244
    974 -16688  -1264
    984 -16708  -1260
    974 -16720  -1244
    976 -16716  -1180
   1006 -16720  -1242
    986 -16732  -1214
    948 -16732  -1228
    940 -16704  -1218
    996 -16690  -1260
   1006 -16712  -1234
    948 -16730  -1226
    962 -16700  -1236
    992 -16704  -1242
    968 -16728  -1252
    962 -16716  -1186
    966 -16714  -1204
    972 -16730  -1218
    950 -16726  -1218
    990 -16726  -1240
    966 -16708  -1248
    972 -16710  -1270
    964 -16728  -1230
    964 -16716  -1206
    972 -16690  -1234
    958 -16694  -1256
    992 -16710  -1194
    982 -16708  -1254
    970 -16708  -1238
    956 -16696  -1192
    972 -16716  -1234
    946 -16718  -1212
   1012 -16704  -1184
    978 -16724  -1204
    986 -16690  -1218
    994 -16704  -1228
    988 -16694  -1190
    980 -16710  -1188
    962 -16704  -1218
    972 -16688  -1242
   1012 -16736  -1222
   1006 -16700  -1232
    984 -16722  -1234
    958 -16716  -1244
    970 -16704  -1254
    950 -16732  -1186
    974 -16724  -1242
    990 -16744  -1202
    962 -16712  -1266
    978 -16722  -1210
    942 -16706  -1236
    986 -16734  -1196
    962 -16708  -1252
    966 -16716  -1258
    960 -16694  -1256
    994 -16698  -1226
    964 -16702  -1178
    958 -16734  -1214
    990 -16752  -1216
    966 -16744  -1264
    954 -16714  -1180
    976 -16742  -1218
    956 -16710  -1210
   1008 -16688  -1214
    956 -16736  -1164
    988 -16718  -1242
    994 -16722  -1192
    986 -16704  -1212
    978 -16714  -1208
    958 -16714  -1250
    986 -16718  -1256
    988 -16738  -1234
   1016 -16728  -1208
    946 -16722  -1240
    974 -16712  -1280
    996 -16724  -1256
    986 -16740  -1226
    970 -16724  -1230
   1008 -16692  -1274
    978 -16706  -1264
    966 -16694  -1210
    974 -16742  -1234
    982 -16732  -1226
    962 -16754  -1236
    950 -16740  -1256
    988 -16702  -1260
    974 -16716  -1216
    964 -16700  -1180
   1006 -16724  -1198
    978 -16704  -1206
   1016 -16710  -1214
   1016 -16700  -1218
    972 -16718  -1274
    978 -16710  -1218
    994 -16716  -1222
    968 -16742  -1194
    972 -16712  -1228
    992 -16742  -1238
    988 -16714  -1216
    964 -16724  -1236
    960 -16714  -1236
    994 -16724  -1208
    970 -16700  -1252
    962 -16722  -1230
    974 -16704  -1196
    998 -16712  -1210
   1010 -16696  -1178
    986 -16744  -1226
    948 -16706  -1246
    986 -16720  -1246
    964 -16712  -1242
    970 -16708  -1200
    960 -16716  -1246
    970 -16724  -1244
    986 -16704  -1224
    950 -16744  -1282
    980 -16710  -1198
    974 -16726  -1212
    966 -16702  -1200
    996 -16702  -1236
    984 -16722  -1218
    958 -16716  -1220
   1014 -16746  -1202
    976 -16728  -1192
    994 -16706  -1230
    976 -16696  -1240
    936 -16708  -1222
   1002 -16678  -1226
    994 -16692  -1242
    960 -16736  -1254
    952 -16726  -1218
    956 -16704  -1206
    976 -16680  -1246
    944 -16698  -1276
    980 -16710  -1228
    964 -16722  -1234
    982 -16722  -1162
    978 -16742  -1220
    972 -16728  -1200
    948 -16724  -1208
    938 -16712  -1198
    964 -16728  -1204
    988 -16714  -1184
    976 -16730  -1200
    962 -16728  -1252
    978 -16714  -1226
    962 -16708  -1202
    966 -16722  -1206
    950 -16696  -1194
    982 -16698  -1216
    972 -16700  -1240
    976 -16720  -1250
    970 -16734  -1228
    972 -16752  -1240
    972 -16716  -1230
    988 -16710  -1230
    972 -16720  -1200
    952 -16732  -1216
    982 -16744  -1234
   1004 -16708  -1170
    936 -16696  -1228
    968 -16732  -1192
    994 -16690  -1206
    984 -16702  -1232
    992 -16702  -1268
    964 -16714  -1226
    972 -16698  -1224
   1006 -16716  -1222
    910 -16724  -1224
    960 -16746  -1196
    972 -16710  -1230
    974 -16730  -1218
    986 -16722  -1206
    968 -16724  -1218
    956 -16716  -1218
    964 -16732  -1208
    980 -16696  -1244
    992 -16694  -1246
    954 -16714  -1240
    988 -16738  -1198
    984 -16726  -1228
    960 -16740  -1192
    998 -16748  -1254
    992 -16726  -1206
    994 -16712  -1230
    962 -16718  -1248
   1006 -16712  -1246
   1016 -16712  -1268
    964 -16714  -1234
    958 -16742  -1216
   1010 -16704  -1216
    952 -16732  -1184
    994 -16716  -1214
    964 -16728  -1228
    968 -16714  -1228
    976 -16704  -1264
   1004 -16724  -1196
    986 -16714  -1248
    968 -16726  -1230
    990 -16726  -1240
    992 -16714  -1226
    986 -16736  -1196
    980 -16740  -1236
    950 -16708  -1252
    938 -16732  -1182
    996 -16706  -1242
    994 -16698  -1228
    960 -16696  -1176
   1014 -16734  -1252
    944 -16684  -1248
   1004 -16714  -1196
    998 -16752  -1224
    966 -16700  -1210
    964 -16746  -1246
    950 -16712  -1232
    974 -16708  -1196
    970 -16706  -1226
    970 -16716  -1182
    970 -16710  -1200
    976 -16706  -1246
    978 -16714  -1200
   1020 -16706  -1222
    962 -16682  -1252
    980 -16718  -1226
    956 -16712  -1212
    972 -16712  -1230
   1000 -16728  -1214
    994 -16702  -1212
   1006 -16732  -1230
    996 -16750  -1212
    970 -16718  -1232
    974 -16712  -1220
    954 -16736  -1220
    968 -16734  -1240
    986 -16716  -1230
    980 -16732  -1230
    994 -16732  -1234
    972 -16728  -1186
    998 -16720  -1180
    986 -16712  -1280
    992 -16720  -1224
    988 -16698  -1202
    962 -16712  -1204
    962 -16712  -1208
    982 -16714  -1208
    968 -16716  -1206
   1000 -16694  -1236
    976 -16736  -1242
   1006 -16694  -1222
    986 -16722  -1188
    954 -16720  -1250
   1000 -16716  -1176
    996 -16746  -1238
    964 -16692  -1212
    960 -16704  -1252
    962 -16692  -1274
    966 -16730  -1254
    962 -16732  -1228
    952 -16746  -1206
    944 -16728  -1210
    992 -16720  -1242
   1012 -16734  -1222
    980 -16732  -1228
    994 -16712  -1240
   1018 -16736  -1226
    996 -16714  -1230
    978 -16714  -1210
    986 -16736  -1242
    968 -16736  -1224
   1000 -16718  -1200
   1014 -16714  -1218
    992 -16718  -1242
    968 -16706  -1218
   1002 -16712  -1236
    982 -16696  -1236
    992 -16726  -1216
    978 -16720  -1236
    940 -16720  -1242
    974 -16734  -1226
    984 -16732  -1202
    960 -16718  -1222
    974 -16720  -1186
    966 -16720  -1228
    976 -16724  -1248
    972 -16724  -1212
    984 -16730  -1212
    976 -16720  -1230
    988 -16732  -1188
   1000 -16732  -1272
   1002 -16722  -1192
    946 -16730  -1210
    956 -16736  -1236
    956 -16710  -1252
    982 -16712  -1242
    952 -16712  -1232
   1004 -16712  -1172
    978 -16700  -1198
    982 -16720  -1228
    960 -16708  -1228
    992 -16728  -1232
   1002 -16728  -1216
    958 -16714  -1218
    972 -16734  -1214
    980 -16710  -1230
    990 -16716  -1236
    978 -16716  -1246
    992 -16728  -1276
    960 -16710  -1228
    984 -16698  -1218
    986 -16702  -1228
   1018 -16710  -1260
    966 -16714  -1226
    974 -16692  -1218
   1002 -16724  -1202
    966 -16708  -1226
    938 -16712  -1264
    954 -16712  -1214
    990 -16726  -1222
    974 -16724  -1230
    966 -16694  -1204
    960 -16692  -1224
    986 -16708  -1218
    976 -16732  -1212
    998 -16708  -1280
    954 -16714  -1238
    980 -16720  -1220
    968 -16704  -1226
    980 -16712  -1230
    970 -16716  -1228
    994 -16736  -1182
    964 -16702  -1230
    982 -16706  -1254
    988 -16712  -1182
    986 -16716  -1244
    976 -16716  -1164
    950 -16740  -1252
    960 -16742  -1204
    984 -16708  -1244
    976 -16694  -1220
    990 -16736  -1226
    962 -16742  -1212
    984 -16712  -1168
    952 -16738  -1236
   1022 -16718  -1210
    970 -16734  -1226
    972 -16718  -1200
    968 -16726  -1206
    980 -16740  -1196
    966 -16714  -1210
    942 -16722  -1200
   1002 -16690  -1176
    968 -16746  -1210
    990 -16700  -1206
    962 -16728  -1238
    990 -16718  -1200
    976 -16726  -1252
   1008 -16718  -1228
    962 -16708  -1200
   1030 -16712  -1228
    952 -16718  -1250
    996 -16720  -1246
    968 -16700  -1222
    964 -16724  -1216
    974 -16710  -1238
    980 -16716  -1212
    982 -16722  -1218
    972 -16736  -1218
    962 -16734  -1206
    972 -16730  -1212
    984 -16730  -1252
    982 -16712  -1220
    986 -16736  -1212
    982 -16708  -1242
    984 -16706  -1242
    978 -16704  -1190
    960 -16702  -1194
    968 -16714  -1252
    960 -16698  -1228
    958 -16708  -1256
    990 -16716  -1240
    996 -16712  -1216
    974 -16734  -1172
    948 -16706  -1210
    942 -16716  -1216
    964 -16714  -1214
    960 -16718  -1284
    994 -16712  -1224
   1004 -16722  -1226
    988 -16722  -1228
    984 -16742  -1248
    958 -16722  -1228
    958 -16724  -1194
    978 -16716  -1188
    980 -16720  -1186
    980 -16710  -1286
    982 -16704  -1242
    982 -16720  -1256
    990 -16726  -1212
    990 -16734  -1264
    952 -16714  -1244
   1000 -16740  -1238
    970 -16706  -1218
    968 -16700  -1194
    994 -16724  -1214
    942 -16706  -1224
    990 -16708  -1272
    974 -16706  -1236
    970 -16702  -1226
    976 -16714  -1192
    974 -16708  -1242
    986 -16736  -1176
    994 -16700  -1276
    956 -16698  -1254
    968 -16722  -1232
    976 -16732  -1240
    976 -16716  -1210
    946 -16700  -1212
   1008 -16728  -1248
    978 -16710  -1210
    976 -16734  -1208
    992 -16718  -1252
    962 -16724  -1212
   1006 -16720  -1178
    960 -16720  -1254
    978 -16716  -1194
    978 -16706  -1178
   1006 -16712  -1240
    998 -16726  -1270
   1002 -16712  -1224
   1006 -16728  -1220
    972 -16734  -1272
    974 -16706  -1212
    978 -16698  -1224
    984 -16706  -1212
    972 -16706  -1244
    968 -16726  -1212
   1012 -16706  -1236
    990 -16714  -1214
    954 -16716  -1244
    984 -16690  -1208
    998 -16714  -1246
   1004 -16726  -1218
    970 -16722  -1202
    990 -16734  -1226
    962 -16730  -1204
    952 -16732  -1188
    984 -16732  -1208
    960 -16718  -1212
    982 -16734  -1226
    972 -16716  -1186
   1000 -16716  -1212
    998 -16726  -1232
    970 -16684  -1174
    978 -16710  -1234
    974 -16730  -1214
    994 -16708  -1230
    996 -16710  -1242
    988 -16702  -1228
    978 -16716  -1230
    964 -16732  -1218
    976 -16724  -1230
    986 -16714  -1210
    994 -16720  -1214
    994 -16714  -1202
    978 -16748  -1230
    942 -16724  -1230
    960 -16728  -1220
    970 -16722  -1242
    974 -16704  -1232
    970 -16730  -1212
    974 -16704  -1208
    966 -16706  -1194
    970 -16734  -1202
    974 -16730  -1246
    986 -16708  -1224
    982 -16726  -1234
    986 -16740  -1222
    990 -16706  -1248
    948 -16708  -1218
    954 -16712  -1168
    976 -16732  -1220
    988 -16716  -1250
    936 -16732  -1190
    994 -16740  -1252
   1000 -16716  -1216
    980 -16694  -1232
    970 -16736  -1240
    926 -16732  -1224
    980 -16728  -1208
    982 -16728  -1212
    968 -16700  -1254
    992 -16722  -1200
    966 -16722  -1186
    984 -16736  -1218
    994 -16718  -1254
    962 -16744  -1218
    988 -16722  -1260
    980 -16704  -1174
    964 -16704  -1216
    996 -16704  -1214
    974 -16712  -1220
    980 -16714  -1222
    978 -16720  -1254
    980 -16722  -1236
    968 -16712  -1232
    954 -16702  -1248
    982 -16710  -1228
    944 -16722  -1222
    998 -16724  -1148
   1004 -16718  -1182
   1006 -16712  -1216
   1012 -16688  -1186
   1004 -16734  -1236
    970 -16738  -1216
   1004 -16738  -1214
    990 -16720  -1238
    982 -16706  -1236
    978 -16706  -1250
    974 -16712  -1242
    954 -16710  -1162
    954 -16702  -1238
    972 -16732  -1232
    970 -16710  -1226
    958 -16736  -1224
    952 -16726  -1200
    974 -16736  -1200
    992 -16724  -1228
    982 -16714  -1254
    950 -16718  -1232
    962 -16710  -1246
    962 -16702  -1176
    964 -16710  -1194
    976 -16706  -1252
    972 -16716  -1262
    956 -16698  -1216
    986 -16720  -1230
    954 -16728  -1238
    984 -16732  -1266
    986 -16730  -1234
    974 -16700  -1222
    984 -16722  -1236
    976 -16706  -1204
    994 -16698  -1182
    992 -16718  -1230
    930 -16728  -1228
    988 -16730  -1252
    956 -16730  -1228
    956 -16702  -1226
    960 -16714  -1220
    970 -16738  -1226
    980 -16714  -1194
    966 -16726  -1192
    948 -16736  -1226
    978 -16684  -1168
    928 -16706  -1200
    946 -16720  -1184
    980 -16732  -1206
    958 -16702  -1196
    982 -16706  -1240
   1016 -16728  -1250
    962 -16736  -1212
    978 -16706  -1248
    944 -16716  -1266
    956 -16718  -1240
    980 -16720  -1216
   1000 -16758  -1246
    988 -16738  -1222
    968 -16716  -1220
    976 -16744  -1210
    984 -16712  -1264
    966 -16720  -1204
    970 -16714  -1260
   1004 -16722  -1234
   1006 -16696  -1204
    980 -16714  -1272
    988 -16714  -1232
    998 -16730  -1222
    990 -16718  -1184
   1000 -16746  -1228
    972 -16752  -1222
    966 -16708  -1196
    978 -16738  -1242
    976 -16712  -1212
    960 -16728  -1226
    974 -16722  -1190
    990 -16744  -1212
    960 -16700  -1180
    982 -16680  -1204
    972 -16690  -1196
    990 -16722  -1244
    938 -16706  -1196
    966 -16708  -1210
   1000 -16720  -1224
    984 -16732  -1226
    966 -16750  -1218
    980 -16730  -1234
    958 -16720  -1204
    960 -16686  -1232
    944 -16732  -1210
    980 -16724  -1218
    996 -16742  -1208
    996 -16714  -1230
    974 -16726  -1182
    974 -16718  -1206
    968 -16706  -1220
    960 -16708  -1228
   1000 -16700  -1184
    988 -16740  -1194
   1042 -16720  -1238
   1006 -16742  -1242
    934 -16702  -1236
    982 -16728  -1208
    958 -16722  -1226
    982 -16694  -1222
    978 -16702  -1252
   1004 -16786  -1216
    976 -16744  -1250
    972 -16732  -1168
    992 -16702  -1196
   1016 -16736  -1212
   1016 -16734  -1284
    978 -16710  -1242
    976 -16700  -1270
    988 -16690  -1222
    960 -16690  -1240
    968 -16726  -1282
    990 -16748  -1242
    958 -16724  -1220
    982 -16702  -1214
    986 -16682  -1212
    952 -16756  -1184
    958 -16734  -1222
    994 -16720  -1220
    988 -16732  -1220
    980 -16712  -1206
    998 -16738  -1222
    972 -16710  -1200
    976 -16694  -1156
    948 -16740  -1210
    968 -16716  -1242
    962 -16706  -1242
    958 -16732  -1182
    994 -16738  -1190
   1026 -16742  -1224
    986 -16688  -1250
    976 -16722  -1208
    970 -16706  -1218
    994 -16716  -1230
    972 -16712  -1186
    978 -16714  -1240
    950 -16704  -1210
    962 -16716  -1216
    962 -16692  -1234
    984 -16702  -1218
    964 -16722  -1212
    952 -16716  -1248
    984 -16704  -1204
    944 -16706  -1248
    984 -16746  -1190
    942 -16700  -1244
    970 -16734  -1206
    978 -16694  -1238
    954 -16702  -1244
    966 -16714  -1184
    998 -16748  -1232
    984 -16728  -1188
   1000 -16728  -1226
    946 -16718  -1240
    970 -16724  -1216
    950 -16704  -1226
    974 -16718  -1228
    994 -16734  -1214
    992 -16746  -1236
    990 -16722  -1226
    990 -16712  -1200
    992 -16706  -1190
    968 -16700  -1232
    952 -16724  -1224
    962 -16754  -1248
    972 -16704  -1246
   1016 -16712  -1246
    984 -16724  -1212
    982 -16692  -1232
    974 -16690  -1216
    970 -16738  -1194
    964 -16718  -1192
    966 -16738  -1248
    998 -16710  -1184
    974 -16730  -1170
    970 -16748  -1230
    978 -16728  -1232
    976 -16694  -1256
    962 -16716  -1236
   1012 -16722  -1256
    958 -16728  -1204
    950 -16724  -1190
    976 -16706  -1200
    978 -16728  -1190
   1002 -16718  -1208
    976 -16726  -1214
    974 -16748  -1202
    984 -16700  -1220
    970 -16706  -1220
    970 -16740  -1184
    984 -16698  -1228
    972 -16724  -1256
    976 -16706  -1252
    996 -16714  -1256
    964 -16720  -1256
    964 -16702  -1278
    944 -16726  -1258
    968 -16722  -1218
    978 -16718  -1216
   1006 -16730  -1188
    990 -16712  -1256
    982 -16750  -1232
    992 -16744  -1202
    978 -16740  -1224
    980 -16738  -1224
    978 -16714  -1208
    974 -16736  -1216
    974 -16722  -1262
    980 -16698  -1274
    990 -16698  -1244
    942 -16690  -1232
    954 -16728  -1294
    974 -16694  -1230
    984 -16716  -1212
    986 -16728  -1212
   1002 -16732  -1234
    966 -16720  -1236
    960 -16716  -1208
    974 -16730  -1178
    998 -16684  -1208
    988 -16712  -1220
    974 -16730  -1244
    972 -16744  -1248
    940 -16730  -1236
    954 -16688  -1232
    990 -16706  -1192
    964 -16704  -1248
    984 -16716  -1252
    954 -16718  -1234
    976 -16708  -1244
    976 -16726  -1242
    960 -16724  -1214
    986 -16702  -1252
    970 -16738  -1232
    962 -16720  -1254
    962 -16734  -1242
    996 -16730  -1190
    986 -16716  -1196
    946 -16712  -1270
    940 -16708  -1238
    992 -16726  -1226
    974 -16716  -1234
    998 -16740  -1260
    988 -16742  -1212
    958 -16710  -1226
   1014 -16692  -1268
    998 -16734  -1254
    970 -16712  -1220
    944 -16676  -1216
    966 -16714  -1208
   1000 -16724  -1226
    956 -16722  -1266
    992 -16738  -1234
    982 -16718  -1212
    970 -16712  -1218
    972 -16750  -1200
    966 -16700  -1244
    952 -16732  -1240
    990 -16712  -1188
    998 -16688  -1262
    956 -16714  -1198
    942 -16728  -1216
    966 -16754  -1218
    996 -16720  -1262
    996 -16742  -1214
   1004 -16708  -1274
    978 -16686  -1246
    998 -16744  -1238
    966 -16704  -1266
    980 -16694  -1210
    976 -16734  -1238
   1000 -16728  -1184
    954 -16714  -1234
    980 -16702  -1212
    948 -16712  -1230
    948 -16718  -1274
    962 -16740  -1256
    958 -16738  -1240
    980 -16746  -1180
    988 -16736  -1216
    954 -16714  -1202
    974 -16752  -1200
    976 -16682  -1230
    982 -16718  -1234
    966 -16760  -1232
    964 -16750  -1206
    946 -16724  -1256
    990 -16694  -1246
    998 -16722  -1244
    988 -16722  -1214
    966 -16714  -1210
    952 -16696  -1270
   1006 -16716  -1204
    964 -16714  -1218
    992 -16698  -1188
   1010 -16734  -1216
    976 -16734  -1258
    950 -16694  -1246
   1012 -16706  -1262
    986 -16698  -1254
   1010 -16708  -1236
    966 -16718  -1212
    994 -16746  -1204
    956 -16704  -1268
    964 -16730  -1176
    958 -16700  -1202
    968 -16738  -1226
    986 -16742  -1264
    956 -16722  -1248
    944 -16744  -1220
   1000 -16726  -1196
    994 -16752  -1208
    982 -16730  -1250
    990 -16742  -1240
    974 -16738  -1236
    978 -16748  -1206
    958 -16700  -1208
   1006 -16720  -1234
    978 -16710  -1216
    968 -16712  -1208
    950 -16688  -1234
    980 -16726  -1258
    958 -16708  -1188
    954 -16722  -1256
    950 -16698  -1230
    962 -16720  -1250
    978 -16738  -1192
    970 -16748  -1186
    968 -16708  -1198
    982 -16718  -1226
    984 -16734  -1238
    992 -16716  -1242
    990 -16734  -1196
    966 -16694  -1258
   1022 -16734  -1294
    992 -16716  -1214
    966 -16708  -1248
    978 -16704  -1206
    992 -16712  -1204
    976 -16696  -1206
    974 -16692  -1214
    954 -16730  -1150
    982 -16720  -1212
    964 -16724  -1216
    972 -16732  -1210
    980 -16726  -1204
   1004 -16724  -1210
    974 -16706  -1240
    974 -16702  -1210
   1010 -16698  -1264
    964 -16722  -1228
    958 -16744  -1214
   1030 -16730  -1240
    972 -16724  -1200
    982 -16710  -1248
    996 -16748  -1226
    990 -16724  -1214
    954 -16704  -1234
    962 -16706  -1212
    952 -16726  -1208
    962 -16742  -1204
    954 -16736  -1222
    942 -16696  -1264
    970 -16710  -1216
    980 -16712  -1216
    982 -16700  -1166
    988 -16734  -1206
    966 -16706  -1212
    954 -16688  -1222
    964 -16668  -1188
    964 -16702  -1248
    996 -16736  -1202
    980 -16714  -1234
    986 -16738  -1208
    956 -16706  -1236
    982 -16718  -1212
    950 -16720  -1248
    970 -16718  -1222
    972 -16712  -1256
    984 -16744  -1206
    988 -16736  -1264
   1002 -16750  -1210
    990 -16728  -1240
    978 -16718  -1246
    976 -16722  -1222
    972 -16726  -1230
    956 -16732  -1274
    978 -16736  -1212
    966 -16712  -1232
    974 -16712  -1210
    968 -16712  -1232
    984 -16742  -1232
    980 -16702  -1260
    958 -16736  -1264
    954 -16738  -1204
    974 -16744  -1218
    986 -16724  -1210
   1008 -16698  -1224
    974 -16698  -1248
   1006 -16722  -1250
    982 -16708  -1216
   1018 -16716  -1228
    992 -16684  -1252
    964 -16724  -1246
    950 -16734  -1230
    972 -16704  -1246
    970 -16736  -1222
    968 -16714  -1214
    976 -16672  -1172
    964 -16732  -1190
    974 -16732  -1172
    962 -16708  -1212
    956 -16744  -1248
    982 -16716  -1198
    974 -16710  -1230
    990 -16722  -1282
    980 -16732  -1202
    974 -16716  -1228
    972 -16710  -1246
    958 -16736  -1196
    988 -16726  -1254
    986 -16714  -1196
    970 -16704  -1242
    966 -16700  -1176
    972 -16718  -1222
    970 -16714  -1214
   1002 -16756  -1250
    990 -16728  -1256
    960 -16734  -1224
   1008 -16724  -1170
   1002 -16700  -1224
    982 -16700  -1200
    978 -16722  -1182
    968 -16710  -1210
    966 -16728  -1218
    984 -16684  -1232
    970 -16736  -1272
    960 -16714  -1200
    972 -16730  -1192
    992 -16736  -1222
    970 -16714  -1206
    962 -16712  -1240
    976 -16734  -1206
   1004 -16728  -1222
    996 -16728  -1218
    980 -16710  -1212
   1004 -16724  -1244
    992 -16728  -1260
    974 -16702  -1202
    970 -16762  -1240
    972 -16692  -1252
    950 -16712  -1204
    980 -16720  -1230
    944 -16706  -1242
    992 -16718  -1228
    970 -16690  -1292
    984 -16732  -1220
    984 -16728  -1214
    958 -16728  -1192
    976 -16704  -1190
    950 -16708  -1240
    972 -16748  -1274
   1002 -16728  -1262
    964 -16732  -1174
    964 -16722  -1228
    954 -16720  -1240
    972 -16708  -1212
    986 -16750  -1220
    980 -16726  -1230
    992 -16702  -1202
    972 -16704  -1246
    970 -16720  -1244
    972 -16724  -1206
    940 -16720  -1192
    984 -16728  -1236
    966 -16696  -1236
    998 -16754  -1204
    974 -16720  -1202
    962 -16716  -1146
    972 -16702  -1212
    958 -16700  -1178
   1000 -16720  -1206
    964 -16746  -1214
    992 -16686  -1218
    978 -16684  -1212
    990 -16744  -1222
   1010 -16692  -1220
    986 -16734  -1180
    990 -16732  -1230
    964 -16696  -1216
    972 -16718  -1230
   1000 -16720  -1238
    984 -16704  -1246
    950 -16736  -1232
    978 -16720  -1216
    960 -16728  -1208
    996 -16710  -1244
    974 -16716  -1208
    990 -16730  -1160
    970 -16712  -1206
    984 -16718  -1256
    974 -16724  -1220
    974 -16748  -1246
    970 -16762  -1238
    958 -16734  -1172
    992 -16704  -1190
   1000 -16694  -1216
    940 -16714  -1222
    960 -16716  -1190
    952 -16728  -1230
    980 -16734  -1154
   1000 -16718  -1216
    986 -16714  -1268
   1014 -16744  -1210
    990 -16704  -1232
    994 -16692  -1234
    932 -16686  -1240
    946 -16730  -1230
    956 -16724  -1234
    964 -16718  -1178
    996 -16730  -1170
    974 -16704  -1236
    940 -16678  -1232
   1000 -16688  -1224
    982 -16710  -1260
    962 -16734  -1222
    944 -16732  -1240
    990 -16712  -1220
    974 -16706  -1196
    948 -16692  -1216
    990 -16728  -1220
   1000 -16710  -1228
   1004 -16720  -1208
   1022 -16724  -1252
    964 -16698  -1212
    986 -16744  -1198
    976 -16706  -1216
    966 -16736  -1246
    954 -16694  -1194
    984 -16744  -1254
    968 -16682  -1232
    996 -16724  -1232
    984 -16722  -1184
    976 -16736  -1218
    992 -16722  -1220
    996 -16722  -1190
    946 -16734  -1206
    968 -16716  -1240
    944 -16732  -1200
    934 -16716  -1208
    956 -16732  -1222
    978 -16714  -1232
    996 -16698  -1204
    978 -16698  -1212
    978 -16724  -1216
    990 -16720  -1216
    958 -16722  -1218
   1002 -16706  -1274
    972 -16724  -1196
    990 -16702  -1228
    994 -16726  -1214
    988 -16710  -1198
    994 -16740  -1214
    992 -16706  -1224
    996 -16726  -1222
    982 -16730  -1180
    990 -16718  -1222
    970 -16718  -1240
    962 -16720  -1206
    992 -16700  -1186
    952 -16682  -1244
    974 -16704  -1238
    968 -16726  -1232
    988 -16714  -1228
   1012 -16700  -1282
   1032 -16722  -1218
    954 -16728  -1260
    976 -16736  -1230
    972 -16726  -1220
    978 -16700  -1288
    982 -16706  -1206
    996 -16726  -1276
    954 -16744  -1214
    950 -16734  -1238
    972 -16724  -1228
    970 -16726  -1260
    960 -16726  -1230
    984 -16716  -1234
    922 -16726  -1222
   1002 -16714  -1242
    962 -16730  -1252
    968 -16716  -1218
    964 -16704  -1190
   1006 -16736  -1224
    956 -16736  -1174
    972 -16732  -1202
    974 -16728  -1222
    968 -16720  -1236
    980 -16724  -1216
    968 -16690  -1254
    998 -16714  -1168
    992 -16720  -1222
   1018 -16716  -1214
    988 -16732  -1238
    950 -16734  -1224
   1006 -16706  -1214
    964 -16708  -1212
    996 -16738  -1208
    970 -16710  -1186
    994 -16690  -1268
    976 -16742  -1216
    986 -16756  -1264
    990 -16706  -1232
    994 -16736  -1182
   1008 -16702  -1264
    998 -16708  -1210
    960 -16720  -1190
    960 -16712  -1190
    964 -16730  -1250
    992 -16706  -1220
    986 -16734  -1190
    976 -16726  -1224
    958 -16718  -1186
    956 -16716  -1202
    954 -16702  -1178
    970 -16682  -1212
    982 -16728  -1282
    970 -16708  -1264
    966 -16740  -1244
    964 -16738  -1236
    968 -16720  -1214
    966 -16714  -1172
    994 -16702  -1246
    958 -16726  -1212
    982 -16714  -1178
    978 -16720  -1232
    994 -16694  -1202
    994 -16710  -1208
    974 -16734  -1232
    968 -16746  -1208
    972 -16708  -1212
    964 -16730  -1198
   1006 -16710  -1262
    976 -16706  -1246
    964 -16722  -1236
    966 -16730  -1222
    948 -16730  -1250
    972 -16686  -1188
    962 -16706  -1204
    982 -16704  -1200
   1012 -16734  -1196
    994 -16730  -1236
   1004 -16704  -1238
    984 -16702  -1196
    994 -16722  -1162
    986 -16726  -1246
    966 -16718  -1224
    978 -16732  -1240
    972 -16740  -1252
    972 -16726  -1234
    984 -16730  -1188
   1002 -16700  -1184
    974 -16722  -1230
    966 -16708  -1224
    978 -16726  -1218
    956 -16724  -1192
   1006 -16732  -1228
    968 -16732  -1234
    988 -16700  -1242
    998 -16700  -1214
   1012 -16766  -1226
    996 -16738  -1204
   1002 -16716  -1216
    972 -16726  -1208
    978 -16714  -1220
    986 -16726  -1208
    994 -16732  -1222
    970 -16714  -1226
    970 -16700  -1230
    978 -16712  -1202
    964 -16710  -1200
    964 -16710  -1210
    964 -16716  -1210
    970 -16720  -1222
    960 -16718  -1176
    974 -16708  -1216
    986 -16754  -1216
    956 -16726  -1208
    962 -16722  -1198
    984 -16738  -1210
    974 -16690  -1164
    954 -16698  -1212
   1002 -16718  -1252
    988 -16730  -1236
    980 -16726  -1170
    988 -16686  -1184
    948 -16720  -1312
    956 -16712  -1232
    964 -16728  -1228
    988 -16726  -1198
    956 -16672  -1210
    974 -16730  -1254
    982 -16726  -1176
    980 -16724  -1230
    962 -16726  -1172
    998 -16748  -1218
    954 -16708  -1252
    962 -16708  -1228
    956 -16738  -1258
    950 -16734  -1230
    960 -16712  -1206
    986 -16712  -1226
    982 -16736  -1228
   1004 -16682  -1196
    958 -16716  -1242
    926 -16710  -1186
    986 -16742  -1224
    972 -16694  -1220
    940 -16698  -1220
    988 -16750  -1184
    946 -16722  -1238
    994 -16712  -1214
    976 -16698  -1152
    984 -16692  -1238
   1008 -16692  -1220
    980 -16738  -1246
   1004 -16722  -1228
    988 -16712  -1234
    968 -16710  -1226
    960 -16712  -1250
    922 -16684  -1218
    948 -16708  -1244
    948 -16692  -1248
    978 -16680  -1214
    960 -16718  -1208
    994 -16716  -1224
    960 -16708  -1280
    940 -16700  -1236
    988 -16718  -1202
    948 -16714  -1212
    958 -16702  -1238
    962 -16734  -1240
    990 -16734  -1236
    964 -16746  -1286
    980 -16746  -1230
    996 -16734  -1220
    962 -16724  -1226
    966 -16720  -1210
    950 -16714  -1242
    982 -16730  -1252
    978 -16704  -1176
    970 -16712  -1210
    988 -16716  -1194
    938 -16678  -1202
    972 -16698  -1242
    962 -16716  -1238
    986 -16708  -1228
    962 -16744  -1250
    950 -16716  -1184
    986 -16692  -1228
    934 -16728  -1194
    978 -16734  -1236
    986 -16704  -1246
    980 -16704  -1198
    964 -16734  -1212
    976 -16710  -1248
    966 -16732  -1226
    974 -16728  -1214
    980 -16718  -1192
    954 -16718  -1214
    944 -16720  -1200
    976 -16724  -1208
    948 -16704  -1234
    960 -16730  -1176
    956 -16702  -1222
    982 -16674  -1230
   1000 -16700  -1240
   1006 -16712  -1242
   1010 -16714  -1232
    954 -16714  -1250
    974 -16718  -1198
    966 -16720  -1230
    966 -16706  -1224
    970 -16708  -1256
    996 -16716  -1216
    964 -16722  -1196
    986 -16720  -1214
    948 -16742  -1194
    960 -16702  -1214
    984 -16722  -1252
    978 -16722  -1230
    992 -16702  -1188
    998 -16726  -1218
    966 -16718  -1190
    994 -16728  -1254
    960 -16732  -1212
    950 -16674  -1202
    932 -16710  -1158
    964 -16740  -1226
    970 -16722  -1246
   1012 -16700  -1226
    986 -16724  -1194
    986 -16730  -1232
    960 -16718  -1254
    968 -16716  -1222
    980 -16746  -1192
    978 -16724  -1220
    970 -16724  -1190
    970 -16696  -1222
    974 -16708  -1232
    986 -16742  -1262
    962 -16712  -1194
    974 -16700  -1190
    954 -16718  -1204
    984 -16730  -1256
    950 -16730  -1256
    978 -16712  -1240
    980 -16738  -1242
    952 -16692  -1286
    978 -16718  -1248
    988 -16730  -1226
   1004 -16712  -1236
    972 -16736  -1212
    984 -16744  -1188
    984 -16700  -1244
    970 -16744  -1196
   1020 -16708  -1218
    976 -16720  -1232
    956 -16700  -1196
    982 -16700  -1240
    978 -16694  -1224
    976 -16678  -1222
    974 -16722  -1206
    964 -16722  -1208
    950 -16736  -1250
    954 -16704  -1206
    972 -16706  -1226
    958 -16722  -1202
    986 -16728  -1202
    990 -16736  -1218
    978 -16732  -1202
    984 -16728  -1202
    974 -16738  -1212
    976 -16702  -1222
    934 -16716  -1246
    968 -16728  -1236
    984 -16746  -1244
    990 -16738  -1260
   1004 -16704  -1210
    964 -16716  -1246
    962 -16728  -1218
    988 -16696  -1218
    976 -16752  -1174
    994 -16724  -1208
    990 -16724  -1232
    996 -16726  -1200
   1002 -16718  -1258
    986 -16698  -1198
    970 -16726  -1216
    966 -16734  -1240
    972 -16708  -1248
    972 -16726  -1210
    938 -16732  -1204
    992 -16726  -1268
   1020 -16694  -1238
    998 -16706  -1208
    978 -16724  -1286
    996 -16706  -1220
   1008 -16730  -1254
    964 -16722  -1234
    970 -16698  -1206
   1000 -16668  -1218
    968 -16724  -1200
    980 -16728  -1224
   1008 -16708  -1214
    952 -16698  -1244
    992 -16724  -1170
    958 -16724  -1216
    970 -16694  -1224
    972 -16742  -1214
    982 -16728  -1232
    968 -16712  -1192
    952 -16704  -1222
    966 -16744  -1246
    996 -16720  -1270
    958 -16714  -1210
    964 -16722  -1270
    994 -16738  -1228
    954 -16742  -1224
    970 -16700  -1236
    992 -16726  -1200
   1000 -16700  -1194
    994 -16710  -1270
    972 -16686  -1244
    992 -16722  -1240
    978 -16706  -1254
    982 -16722  -1204
    994 -16704  -1222
    972 -16710  -1186
    988 -16722  -1218
    974 -16690  -1232
   1014 -16728  -1240
   1018 -16730  -1202
    944 -16722  -1230
    968 -16724  -1256
    960 -16718  -1216
    972 -16716  -1218
    978 -16730  -1208
    984 -16706  -1234
    972 -16734  -1256
    978 -16722  -1222
    968 -16728  -1224
    978 -16730  -1236
    968 -16728  -1224
    974 -16702  -1252
    974 -16732  -1194
    964 -16720  -1218
    976 -16722  -1184
    982 -16724  -1226
    954 -16714  -1268
    970 -16710  -1202
    972 -16700  -1236
    988 -16716  -1190
   1012 -16722  -1204
    980 -16730  -1250
    984 -16732  -1244
    986 -16726  -1220
    948 -16718  -1198
    952 -16696  -1218
    986 -16720  -1228
    970 -16712  -1230
    968 -16742  -1212
    984 -16728  -1246
    970 -16736  -1202
    978 -16712  -1284
   1006 -16710  -1234
    966 -16732  -1252
    976 -16718  -1228
    996 -16714  -1252
    972 -16736  -1230
    932 -16714  -1212
    972 -16724  -1166
    970 -16708  -1216
    978 -16716  -1262
   1002 -16720  -1220
    976 -16726  -1200
   1004 -16724  -1186
    978 -16712  -1226
    964 -16714  -1190
    998 -16682  -1166
    966 -16726  -1238
    954 -16726  -1214
    964 -16728  -1232
    954 -16694  -1222
    966 -16716  -1198
    984 -16726  -1228
    952 -16718  -1204
    956 -16714  -1212
    956 -16710  -1250
    932 -16730  -1214
    966 -16708  -1216
    960 -16714  -1184
    964 -16708  -1218
    968 -16710  -1262
    950 -16698  -1264
    994 -16736  -1312
    974 -16738  -1234
    946 -16702  -1208
    986 -16706  -1244
    984 -16686  -1224
    998 -16686  -1240
    970 -16704  -1224
    974 -16696  -1232
    946 -16704  -1222
    986 -16722  -1206
    976 -16700  -1190
    974 -16692  -1226
    968 -16704  -1256
    982 -16714  -1238
    980 -16712  -1210
    986 -16716  -1206
    984 -16704  -1250
    966 -16722  -1190
    976 -16742  -1220
    952 -16720  -1218
    938 -16716  -1246
    950 -16722  -1232
    998 -16716  -1238
    972 -16712  -1244
    950 -16720  -1230
   1010 -16712  -1208
    990 -16748  -1216
    960 -16716  -1236
    972 -16728  -1216
    986 -16714  -1248
    968 -16714  -1274
    970 -16704  -1244
    966 -16722  -1218
    952 -16718  -1248
    962 -16742  -1232
    978 -16716  -1206
    958 -16704  -1206
    972 -16698  -1214
    962 -16742  -1258
    958 -16748  -1244
    986 -16744  -1198
    944 -16710  -1208
    976 -16730  -1240
    996 -16724  -1242
    980 -16734  -1286
    988 -16746  -1192
    976 -16746  -1224
    956 -16714  -1200
    974 -16718  -1210
    960 -16722  -1206
    974 -16722  -1206
    960 -16728  -1250
    990 -16712  -1242
   1004 -16706  -1262
    982 -16704  -1178
    968 -16728  -1220
    964 -16712  -1212
    972 -16704  -1234
    978 -16722  -1222
    974 -16722  -1228
    964 -16722  -1248
    982 -16722  -1190
    960 -16730  -1214
    952 -16698  -1214
    990 -16718  -1226
    972 -16724  -1202
    968 -16708  -1260
    950 -16718  -1212
    964 -16718  -1240
    964 -16732  -1268
    982 -16716  -1242
    950 -16732  -1188
    956 -16720  -1238
    978 -16734  -1216
    952 -16722  -1238
    972 -16686  -1220
    964 -16714  -1224
    976 -16742  -1218
    962 -16720  -1232
   1000 -16710  -1242
    968 -16734  -1214
    952 -16704  -1208
    972 -16722  -1256
    978 -16706  -1182
    982 -16688  -1226
    936 -16700  -1204
    986 -16706  -1234
    970 -16704  -1218
   1000 -16688  -1214
    956 -16726  -1168
    974 -16716  -1188
    998 -16728  -1218
    990 -16724  -1238
    978 -16720  -1208
    984 -16726  -1248
    986 -16720  -1222
    982 -16718  -1216
    992 -16706  -1282
    968 -16718  -1188
    982 -16718  -1222
    984 -16728  -1224
    968 -16712  -1202
    986 -16724  -1214
    992 -16724  -1246
   1006 -16734  -1216
    964 -16720  -1232
    994 -16726  -1170
    962 -16706  -1228
    956 -16730  -1214
    964 -16728  -1232
    980 -16704  -1210
    974 -16704  -1266
    984 -16716  -1202
    952 -16688  -1198
    994 -16720  -1278
    996 -16734  -1266
    960 -16732  -1218
    958 -16714  -1234
    962 -16732  -1210
    978 -16706  -1230
    974 -16760  -1236
    976 -16706  -1234
   1014 -16720  -1258
    986 -16708  -1228
    960 -16710  -1242
    966 -16712  -1176
   1002 -16732  -1230
    962 -16700  -1232
    980 -16690  -1238
   1018 -16708  -1190
    958 -16708  -1200
   1008 -16728  -1228
    962 -16740  -1228
    968 -16704  -1224
    982 -16724  -1258
    942 -16744  -1284
    966 -16730  -1206
    972 -16742  -1190
    998 -16718  -1198
    994 -16724  -1212
    982 -16708  -1180
    982 -16710  -1256
    966 -16688  -1240
    998 -16704  -1212
    962 -16742  -1274
    970 -16704  -1206
    986 -16724  -1210
    984 -16712  -1228
    964 -16718  -1218
   1020 -16734  -1230
    982 -16712  -1230
   1016 -16706  -1200
    960 -16720  -1200
    984 -16704  -1244
    986 -16722  -1208
    998 -16708  -1154
    936 -16704  -1240
    996 -16742  -1238
   1000 -16710  -1248
    968 -16716  -1282
    976 -16688  -1216
    978 -16752  -1246
    972 -16712  -1210
    992 -16700  -1232
    972 -16718  -1170
    984 -16750  -1216
    988 -16732  -1214
    958 -16714  -1264
    986 -16714  -1220
    958 -16716  -1272
    986 -16760  -1222
   1002 -16732  -1200
    980 -16706  -1224
    970 -16708  -1228
    974 -16714  -1248
    938 -16722  -1210
    978 -16748  -1244
   1004 -16730  -1236
    998 -16710  -1256
    962 -16718  -1268
    976 -16708  -1254
    974 -16696  -1240
    986 -16726  -1206
    938 -16704  -1244
    950 -16718  -1268
    972 -16722  -1232
    984 -16762  -1224
    968 -16738  -1256
    978 -16698  -1234
    978 -16726  -1220
    948 -16712  -1236
    968 -16708  -1232
    956 -16700  -1224
    988 -16712  -1202
    960 -16742  -1218
    968 -16714  -1250
    962 -16730  -1264
    996 -16716  -1276
    988 -16730  -1192
    954 -16750  -1246
    976 -16700  -1292
    996 -16724  -1188
    964 -16710  -1242
    960 -16732  -1172
    970 -16740  -1170
    996 -16750  -1182
    980 -16706  -1220
    982 -16724  -1208
    984 -16732  -1232
    932 -16744  -1204
    948 -16732  -1228
    950 -16742  -1218
    994 -16712  -1234
    982 -16710  -1252
    954 -16732  -1226
    962 -16736  -1212
    970 -16682  -1260
   1020 -16712  -1268
    970 -16678  -1226
    984 -16694  -1224
    988 -16716  -1202
    964 -16726  -1242
    980 -16690  -1212
    968 -16698  -1198
    964 -16698  -1228
    978 -16702  -1212
    968 -16736  -1214
    980 -16728  -1256
    984 -16690  -1176
    984 -16722  -1234
    992 -16718  -1206
    974 -16726  -1228
    986 -16726  -1232
*
    968 -16732  -1210
    994 -16736  -1206
    962 -16704  -1242
    990 -16718  -1236
    994 -16730  -1236
    982 -16702  -1210
    962 -16724  -1238
    968 -16720  -1230
    972 -16692  -1222
    998 -16700  -1210
    974 -16714  -1210
    978 -16702  -1222
    986 -16694  -1242
    970 -16702  -1262
    976 -16718  -1226
    962 -16722  -1232
    992 -16720  -1218
    988 -16726  -1194
    976 -16694  -1244
    972 -16698  -1254
    976 -16714  -1246
    992 -16702  -1222
    976 -16710  -1254
    970 -16708  -1224
    950 -16714  -1274
    990 -16718  -1250
    966 -16716  -1224
    978 -16736  -1242
    962 -16712  -1214
    958 -16724  -1246
    986 -16720  -1230
    976 -16738  -1240
    974 -16734  -1244
    954 -16708  -1224
    978 -16702  -1220
    978 -16716  -1268
    976 -16724  -1224
    958 -16692  -1246
    980 -16690  -1268
    960 -16700  -1244
    960 -16718  -1194
    970 -16722  -1184
    974 -16720  -1252
    992 -16732  -1268
    996 -16714  -1184
   1028 -16746  -1282
    984 -16710  -1202
    966 -16740  -1222
    936 -16746  -1206
    972 -16720  -1264
   1002 -16722  -1218
    966 -16736  -1178
    986 -16762  -1200
    992 -16728  -1224
    962 -16718  -1166
    970 -16730  -1246
   1000 -16730  -1234
    952 -16732  -1192
    984 -16708  -1246
    966 -16722  -1238
    974 -16726  -1212
    978 -16730  -1236
    988 -16726  -1234
    976 -16734  -1206
    974 -16730  -1182
    980 -16750  -1208
    998 -16740  -1196
    972 -16720  -1224
    970 -16718  -1232
    952 -16716  -1242
   1014 -16726  -1226
    986 -16702  -1206
    972 -16712  -1204
    978 -16752  -1214
   1004 -16712  -1204
    994 -16696  -1198
    956 -16724  -1208
    946 -16758  -1202
   1004 -16718  -1194
    986 -16730  -1208
    962 -16726  -1244
   1000 -16710  -1206
    970 -16742  -1194
    970 -16726  -1246
    978 -16722  -1222
    912 -16724  -1208
    962 -16718  -1220
    998 -16714  -1260
    988 -16714  -1264
    984 -16750  -1146
    960 -16718  -1218
    956 -16756  -1218
    970 -16698  -1200
    996 -16730  -1250
    970 -16728  -1230
    962 -16706  -1226
   1018 -16734  -1228
    956 -16718  -1230
    980 -16724  -1248
    968 -16728  -1266
    974 -16708  -1226
    982 -16704  -1188
   1006 -16704  -1262
    966 -16700  -1200
    984 -16732  -1194
    952 -16718  -1220
    954 -16694  -1236
    974 -16726  -1154
    992 -16742  -1234
    986 -16712  -1200
    992 -16716  -1290
    982 -16714  -1234
   1004 -16708  -1244
    962 -16750  -1212
    958 -16726  -1254
    982 -16680  -1258
    974 -16704  -1226
    982 -16716  -1198
   1030 -16690  -1204
    972 -16714  -1208
    960 -16726  -1200
    984 -16700  -1198
   1006 -16716  -1220
    962 -16720  -1190
    970 -16704  -1264
    992 -16718  -1234
    974 -16716  -1238
    992 -16708  -1250
    956 -16716  -1216
    994 -16724  -1192
   1002 -16706  -1216
    970 -16744  -1208
    974 -16720  -1166
    982 -16722  -1244
    972 -16728  -1218
    958 -16732  -1238
    980 -16714  -1226
   1016 -16740  -1226
    990 -16730  -1192
    984 -16710  -1222
    990 -16738  -1222
    976 -16746  -1218
    954 -16720  -1216
    976 -16710  -1234
    948 -16742  -1234
    962 -16720  -1210
    992 -16714  -1230
    980 -16726  -1260
    982 -16702  -1218
    972 -16712  -1