 -15620   -574  -1276
 -15574   -602  -1272
 -15622   -590  -1260
 -15568   -608  -1276
 -15546   -640  -1292
 -15596   -638  -1302
 -15570   -634  -1250
 -15580   -626  -1256
 -15544   -612  -1244
 -15562   -618  -1292
 -15606   -616  -1252
 -15566   -600  -1238
 -15556   -616  -1262
 -15560   -620  -1282
 -15582   -622  -1298
 -15558   -620  -1252
 -15546   -618  -1294
 -15634   -622  -1272
 -15584   -614  -1248
 -15572   -616  -1296
 -15536   -624  -1286
 -15594   -594  -1260
 -15576   -610  -1278
 -15572   -606  -1298
 -15568   -650  -1290
 -15610   -618  -1256
 -15600   -610  -1230
 -15588   -626  -1250
 -15608   -628  -1254
 -15610   -634  -1268
 -15576   -614  -1242
 -15544   -618  -1270
 -15582   -592  -1286
 -15552   -630  -1278
 -15574   -622  -1250
 -15574   -612  -1314
 -15576   -624  -1284
 -15584   -610  -1278
 -15566   -636  -1314
 -15590   -620  -1244
 -15604   -612  -1236
 -15572   -604  -1264
 -15526   -614  -1286
 -15592   -638  -1250
 -15558   -634  -1288
 -15584   -614  -1276
 -15592   -616  -1286
 -15576   -618  -1260
 -15596   -618  -1246
 -15578   -654  -1304
 -15560   -634  -1300
 -15580   -624  -1244
 -15564   -636  -1268
 -15562   -620  -1218
 -15594   -594  -1268
 -15548   -640  -1292
 -15572   -610  -1288
 -15616   -618  -1250
 -15550   -636  -1292
 -15586   -620  -1290
 -15580   -614  -1278
 -15564   -624  -1272
 -15598   -610  -1258
 -15564   -612  -1270
 -15560   -596  -1238
 -15564   -612  -1260
 -15536   -628  -1264
 -15566   -644  -1298
 -15572   -624  -1276
 -15568   -604  -1270
 -15552   -626  -1330
 -15554   -598  -1294
 -15584   -622  -1236
 -15570   -596  -1266
 -15594   -602  -1262
 -15542   -610  -1254
 -15582   -608  -1256
 -15544   -604  -1254
 -15586   -610  -1282
 -15574   -630  -1310
 -15522   -628  -1246
 -15594   -612  -1288
 -15526   -620  -1308
 -15590   -610  -1268
 -15572   -618  -1282
 -15560   -596  -1236
 -15592   -630  -1244
 -15536   -632  -1250
 -15518   -612  -1278
 -15600   -616  -1314
 -15600   -628  -1284
 -15584   -612  -1284
 -15598   -592  -1228
 -15576   -596  -1214
 -15552   -632  -1262
 -15570   -608  -1282
 -15548   -638  -1304
 -15566   -600  -1292
 -15572   -602  -1282
 -15582   -640  -1278
 -15590   -620  -1294
 -15566   -612  -1276
 -15610   -618  -1310
 -15592   -606  -1282
 -15570   -614  -1274
 -15564   -584  -1326
 -15566   -632  -1298
 -15578   -602  -1276
 -15554   -594  -1274
 -15610   -604  -1254
 -15594   -620  -1282
 -15572   -602  -1300
 -15582   -628  -1242
 -15608   -612  -1230
 -15550   -602  -1284
 -15576   -618  -1282
 -15584   -604  -1258
 -15540   -612  -1300
 -15578   -624  -1252
 -15612   -582  -1258
 -15582   -608  -1256
 -15570   -638  -1304
 -15590   -592  -1276
 -15594   -600  -1296
 -15602   -618  -1230
 -15602   -586  -1282
 -15574   -632  -1254
 -15574   -622  -1268
 -15552   -636  -1288
 -15556   -632  -1306
 -15604   -622  -1254
 -15552   -610  -1292
 -15558   -600  -1306
 -15584   -602  -1290
 -15586   -614  -1288
 -15592   -640  -1294
 -15572   -632  -1266
 -15548   -618  -1270
 -15584   -628  -1302
 -15578   -630  -1316
 -15574   -600  -1304
 -15588   -616  -1286
 -15580   -632  -1308
 -15584   -634  -1234
 -15572   -644  -1228
 -15548   -614  -1298
 -15522   -600  -1274
 -15540   -620  -1314
 -15580   -620  -1248
 -15584   -648  -1294
 -15568   -610  -1266
 -15572   -638  -1258
 -15582   -604  -1302
 -15564   -638  -1306
 -15574   -634  -1266
 -15588   -614  -1272
 -15570   -606  -1302
 -15524   -598  -1314
 -15582   -588  -1294
 -15602   -606  -1306
 -15596   -612  -1308
 -15580   -648  -1282
 -15604   -618  -1268
 -15586   -612  -1222
 -15590   -598  -1252
 -15594   -596  -1220
 -15550   -604  -1258
 -15590   -610  -1280
 -15574   -606  -1294
 -15564   -604  -1280
 -15570   -626  -1264
 -15588   -640  -1306
 -15612   -632  -1268
 -15594   -592  -1238
 -15596   -618  -1268
 -15588   -608  -1304
 -15568   -600  -1302
 -15586   -598  -1306
 -15568   -618  -1278
 -15554   -604  -1326
 -15618   -622  -1268
 -15552   -620  -1282
 -15582   -634  -1234
 -15572   -620  -1268
 -15590   -644  -1286
 -15580   -616  -1266
 -15554   -616  -1248
 -15568   -618  -1286
 -15544   -632  -1316
 -15574   -610  -1252
 -15576   -612  -1276
 -15600   -616  -1282
 -15562   -588  -1304
 -15594   -620  -1266
 -15596   -608  -1236
 -15584   -622  -1280
 -15568   -626  -1296
 -15558   -590  -1276
 -15610   -604  -1276
 -15620   -594  -1268
 -15566   -648  -1256
 -15588   -600  -1234
 -15560   -638  -1238
 -15592   -608  -1236
 -15608   -618  -1282
 -15564   -606  -1280
 -15588   -658  -1226
 -15566   -604  -1216
 -15588   -598  -1284
 -15572   -614  -1256
 -15542   -620  -1300
 -15578   -594  -1288
 -15548   -586  -1286
 -15568   -594  -1226
 -15594   -616  -1290
 -15598   -602  -1266
 -15582   -612  -1270
 -15562   -666  -1276
 -15556   -614  -1274
 -15586   -590  -1244
 -15580   -592  -1298
 -15532   -620  -1270
 -15578   -610  -1246
 -15574   -622  -1274
 -15580   -620  -1222
 -15614   -614  -1290
 -15596   -592  -1300
 -15570   -600  -1346
 -15568   -612  -1282
 -15576   -632  -1244
 -15586   -618  -1272
 -15578   -630  -1252
 -15580   -630  -1306
 -15570   -612  -1220
 -15572   -594  -1234
 -15578   -636  -1286
 -15534   -610  -1286
 -15576   -598  -1272
 -15576   -624  -1260
 -15552   -586  -1236
 -15570   -608  -1278
 -15580   -600  -1282
 -15596   -644  -1300
 -15568   -616  -1302
 -15560   -660  -1284
 -15576   -620  -1270
 -15574   -606  -1186
 -15576   -624  -1272
 -15534   -622  -1292
 -15600   -640  -1244
 -15540   -622  -1266
 -15602   -636  -1268
 -15554   -596  -1264
 -15582   -626  -1274
 -15572   -656  -1254
 -15592   -624  -1308
 -15574   -622  -1252
 -15566   -618  -1230
 -15526   -628  -1278
 -15550   -616  -1284
 -15616   -614  -1284
 -15576   -652  -1316
 -15600   -616  -1240
 -15552   -616  -1296
 -15574   -628  -1282
 -15610   -636  -1266
 -15592   -608  -1288
 -15596   -616  -1348
 -15544   -632  -1304
 -15592   -618  -1268
 -15562   -626  -1280
 -15576   -612  -1264
 -15584   -648  -1290
 -15570   -592  -1282
 -15588   -614  -1258
 -15578   -610  -1292
 -15598   -622  -1288
 -15580   -624  -1248
 -15562   -620  -1256
 -15604   -606  -1312
 -15572   -622  -1302
 -15614   -630  -1302
 -15582   -600  -1286
 -15600   -596  -1220
 -15608   -616  -1214
 -15570   -606  -1292
 -15572   -642  -1270
 -15574   -620  -1250
 -15572   -626  -1304
 -15596   -602  -1266
 -15562   -632  -1264
 -15578   -634  -1274
 -15562   -596  -1280
 -15606   -628  -1254
 -15574   -624  -1286
 -15584   -598  -1280
 -15598   -636  -1320
 -15548   -628  -1300
 -15594   -632  -1276
 -15580   -620  -1284
 -15574   -616  -1270
 -15584   -622  -1294
 -15592   -606  -1236
 -15590   -622  -1232
 -15586   -640  -1268
 -15606   -630  -1308
 -15592   -596  -1302
 -15604   -594  -1314
 -15598   -618  -1312
 -15578   -600  -1288
 -15574   -638  -1284
 -15588   -610  -1312
 -15580   -618  -1274
 -15570   -616  -1274
 -15552   -592  -1264
 -15608   -604  -1288
 -15566   -610  -1272
 -15570   -656  -1294
 -15576   -612  -1254
 -15578   -630  -1302
 -15548   -608  -1300
 -15548   -614  -1236
 -15604   -616  -1296
 -15608   -614  -1258
 -15554   -634  -1266
 -15586   -606  -1276
 -15582   -610  -1278
 -15604   -608  -1248
 -15564   -614  -1282
 -15590   -600  -1302
 -15600   -618  -1314
 -15600   -644  -1264
 -15572   -620  -1278
 -15578   -628  -1256
 -15574   -600  -1290
 -15612   -610  -1302
 -15570   -602  -1262
 -15580   -616  -1316
 -15588   -632  -1288
 -15590   -624  -1288
 -15558   -636  -1254
 -15552   -622  -1294
 -15588   -614  -1300
 -15582   -618  -1260
 -15600   -636  -1302
 -15570   -626  -1246
 -15542   -614  -1222
 -15586   -642  -1284
 -15580   -624  -1246
 -15580   -600  -1262
 -15580   -600  -1288
 -15590   -614  -1310
 -15588   -612  -1318
 -15602   -622  -1260
 -15570   -640  -1298
 -15572   -606  -1304
 -15608   -620  -1268
 -15590   -644  -1264
 -15592   -600  -1248
 -15544   -642  -1226
 -15586   -592  -1328
 -15560   -640  -1232
 -15582   -594  -1270
 -15584   -630  -1242
 -15564   -618  -1258
 -15564   -622  -1266
 -15574   -614  -1280
 -15582   -634  -1280
 -15582   -632  -1254
 -15536   -602  -1284
 -15566   -656  -1250
 -15592   -624  -1276
 -15574   -598  -1292
 -15578   -602  -1232
 -15588   -598  -1310
 -15598   -654  -1292
 -15614   -616  -1266
 -15570   -638  -1254
 -15622   -630  -1226
 -15558   -614  -1238
 -15574   -626  -1270
 -15550   -606  -1312
 -15586   -616  -1304
 -15544   -622  -1298
 -15576   -614  -1270
 -15576   -626  -1236
 -15564   -632  -1280
 -15572   -612  -1286
 -15582   -604  -1280
 -15556   -616  -1238
 -15576   -600  -1306
 -15560   -620  -1264
 -15552   -608  -1234
 -15570   -614  -1224
 -15590   -638  -1262
 -15586   -600  -1270
 -15558   -622  -1240
 -15572   -578  -1282
 -15628   -614  -1314
 -15582   -634  -1268
 -15566   -612  -1268
 -15588   -612  -1322
 -15594   -614  -1272
 -15598   -618  -1336
 -15572   -628  -1262
 -15578   -592  -1252
 -15588   -624  -1250
 -15558   -584  -1312
 -15572   -606  -1250
 -15544   -614  -1256
 -15592   -634  -1248
 -15588   -642  -1254
 -15600   -616  -1282
 -15594   -638  -1262
 -15550   -622  -1310
 -15558   -636  -1286
 -15574   -610  -1296
 -15578   -620  -1310
 -15602   -616  -1284
 -15620   -608  -1308
 -15580   -618  -1306
 -15554   -616  -1342
 -15586   -628  -1294
 -15598   -632  -1296
 -15592   -624  -1238
 -15588   -650  -1260
 -15590   -620  -1252
 -15572   -648  -1308
 -15560   -658  -1246
 -15606   -628  -1282
 -15578   -630  -1304
 -15604   -640  -1242
 -15590   -616  -1266
 -15530   -622  -1298
 -15574   -592  -1280
 -15580   -602  -1268
 -15558   -596  -1280
 -15582   -622  -1260
 -15582   -582  -1244
 -15580   -660  -1260
 -15572   -594  -1258
 -15566   -632  -1272
 -15588   -636  -1264
 -15574   -612  -1224
 -15582   -610  -1272
 -15600   -604  -1294
 -15562   -606  -1280
 -15606   -612  -1262
 -15552   -612  -1240
 -15570   -624  -1290
 -15588   -608  -1272
 -15598   -602  -1280
 -15570   -604  -1318
 -15598   -628  -1260
 -15596   -632  -1236
 -15572   -638  -1206
 -15562   -612  -1292
 -15578   -614  -1296
 -15568   -602  -1282
 -15594   -620  -1332
 -15568   -590  -1282
 -15584   -646  -1288
 -15544   -610  -1258
 -15576   -604  -1284
 -15560   -610  -1230
 -15592   -638  -1314
 -15616   -622  -1282
 -15570   -604  -1304
 -15562   -600  -1264
 -15572   -602  -1274
 -15576   -628  -1278
 -15610   -610  -1234
 -15574   -626  -1286
 -15570   -620  -1276
 -15612   -596  -1274
 -15596   -614  -1294
 -15574   -628  -1254
 -15586   -630  -1280
 -15566   -630  -1266
 -15590   -604  -1292
 -15608   -602  -1230
 -15564   -612  -1294
 -15594   -626  -1262
 -15604   -628  -1274
 -15570   -636  -1264
 -15580   -644  -1310
 -15570   -644  -1292
 -15590   -606  -1316
 -15578   -614  -1294
 -15596   -644  -1270
 -15550   -592  -1256
 -15564   -628  -1238
 -15584   -648  -1298
 -15572   -640  -1280
 -15590   -620  -1274
 -15568   -626  -1236
 -15572   -610  -1244
 -15574   -650  -1252
 -15574   -626  -1284
 -15600   -624  -1248
 -15568   -610  -1256
 -15614   -614  -1258
 -15576   -618  -1274
 -15596   -646  -1274
 -15566   -636  -1284
 -15594   -598  -1278
 -15570   -616  -1252
 -15596   -636  -1280
 -15588   -628  -1310
 -15570   -576  -1266
 -15592   -620  -1292
 -15564   -590  -1284
 -15586   -606  -1298
 -15586   -622  -1266
 -15548   -618  -1276
 -15578   -618  -1314
 -15596   -606  -1286
 -15594   -612  -1296
 -15598   -630  -1284
 -15576   -612  -1280
 -15604   -626  -1258
 -15526   -624  -1286
 -15556   -618  -1272
 -15602   -630  -1266
 -15582   -612  -1312
 -15578   -650  -1228
 -15572   -608  -1264
 -15556   -602  -1296
 -15580   -614  -1240
 -15568   -610  -1238
 -15596   -622  -1256
 -15580   -648  -1266
 -15566   -618  -1282
 -15520   -642  -1276
 -15564   -650  -1298
 -15530   -618  -1262
 -15556   -626  -1264
 -15556   -606  -1266
 -15570   -614  -1286
 -15600   -638  -1266
 -15580   -630  -1256
 -15592   -618  -1312
 -15590   -610  -1278
 -15564   -600  -1256
 -15582   -638  -1252
 -15612   -640  -1290
 -15572   -634  -1256
 -15586   -618  -1320
 -15588   -630  -1278
 -15572   -652  -1230
 -15566   -624  -1284
 -15566   -602  -1270
 -15570   -610  -1270
 -15564   -614  -1262
 -15618   -632  -1248
 -15580   -618  -1286
 -15582   -616  -1266
 -15558   -628  -1240
 -15556   -626  -1304
 -15618   -606  -1268
 -15564   -608  -1298
 -15578   -642  -1248
 -15572   -624  -1250
 -15616   -654  -1268
 -15582   -600  -1262
 -15594   -594  -1252
 -15602   -590  -1244
 -15598   -618  -1288
 -15616   -608  -1282
 -15572   -632  -1268
 -15604   -612  -1292
 -15556   -642  -1258
 -15582   -634  -1258
 -15576   -608  -1312
 -15560   -622  -1292
 -15582   -582  -1274
 -15562   -626  -1294
 -15574   -628  -1266
 -15570   -642  -1246
 -15598   -616  -1314
 -15590   -626  -1300
 -15558   -598  -1296
 -15546   -610  -1276
 -15566   -642  -1258
 -15546   -580  -1250
 -15564   -582  -1282
 -15556   -614  -1294
 -15576   -592  -1310
 -15540   -606  -1288
 -15598   -620  -1284
 -15564   -618  -1294
 -15554   -630  -1260
 -15564   -630  -1276
 -15582   -622  -1256
 -15592   -630  -1262
 -15600   -624  -1278
 -15536   -604  -1276
 -15568   -600  -1264
 -15578   -612  -1246
 -15566   -644  -1274
 -15578   -602  -1236
 -15592   -614  -1300
 -15586   -640  -1326
 -15580   -638  -1308
 -15596   -592  -1298
 -15570   -640  -1258
 -15588   -630  -1242
 -15556   -636  -1254
 -15572   -610  -1246
 -15564   -624  -1320
 -15588   -646  -1248
 -15590   -634  -1284
 -15584   -602  -1218
 -15616   -638  -1294
 -15558   -622  -1272
 -15564   -604  -1272
 -15570   -626  -1234
 -15578   -644  -1296
 -15576   -636  -1288
 -15582   -620  -1274
 -15546   -612  -1270
 -15528   -624  -1312
 -15582   -616  -1288
 -15554   -634  -1310
 -15600   -614  -1264
 -15608   -624  -1238
 -15568   -632  -1260
 -15560   -604  -1288
 -15556   -612  -1322
 -15590   -628  -1274
 -15578   -606  -1314
 -15592   -614  -1292
 -15556   -626  -1320
 -15582   -586  -1278
 -15576   -634  -1260
 -15538   -594  -1302
 -15590   -602  -1274
 -15588   -606  -1296
 -15586   -584  -1240
 -15554   -622  -1266
 -15584   -616  -1284
 -15570   -622  -1324
 -15576   -620  -1264
 -15592   -630  -1308
 -15616   -656  -1284
 -15578   -648  -1262
 -15614   -622  -1308
 -15584   -626  -1284
 -15578   -626  -1302
 -15548   -634  -1306
 -15582   -608  -1290
 -15576   -624  -1264
 -15570   -638  -1286
 -15564   -592  -1276
 -15624   -624  -1272
 -15588   -576  -1296
 -15590   -622  -1280
 -15582   -626  -1276
 -15576   -616  -1288
 -15566   -620  -1274
 -15562   -606  -1310
 -15586   -600  -1260
 -15584   -608  -1292
 -15570   -592  -1298
 -15584   -628  -1272
 -15570   -626  -1310
 -15586   -620  -1308
 -15586   -630  -1268
 -15582   -632  -1280
 -15540   -614  -1246
 -15582   -616  -1306
 -15568   -612  -1276
 -15568   -604  -1250
 -15584   -620  -1272
 -15570   -616  -1328
 -15582   -630  -1292
 -15612   -620  -1324
 -15580   -624  -1292
 -15556   -588  -1280
 -15588   -632  -1274
 -15594   -620  -1272
 -15556   -636  -1280
 -15574   -616  -1334
 -15554   -634  -1246
 -15556   -626  -1228
 -15576   -624  -1296
 -15588   -624  -1236
 -15556   -610  -1262
 -15584   -636  -1320
 -15596   -618  -1344
 -15570   -606  -1280
 -15596   -608  -1300
 -15564   -634  -1318
 -15568   -626  -1280
 -15566   -632  -1280
 -15566   -582  -1282
 -15568   -608  -1280
 -15568   -622  -1260
 -15548   -622  -1270
 -15592   -640  -1302
 -15556   -600  -1256
 -15616   -602  -1252
 -15568   -608  -1278
 -15590   -612  -1300
 -15544   -582  -1228
 -15590   -646  -1314
 -15586   -626  -1300
 -15578   -630  -1304
 -15556   -616  -1288
 -15578   -630  -1270
 -15576   -626  -1282
 -15548   -634  -1300
 -15600   -638  -1278
 -15588   -650  -1258
 -15580   -610  -1204
 -15596   -642  -1268
 -15594   -578  -1270
 -15562   -622  -1276
 -15572   -642  -1294
 -15572   -610  -1266
 -15592   -652  -1250
 -15566   -602  -1292
 -15584   -612  -1264
 -15572   -624  -1302
 -15550   -618  -1294
 -15568   -628  -1242
 -15586   -624  -1304
 -15576   -620  -1284
 -15570   -618  -1244
 -15570   -620  -1244
 -15628   -632  -1252
 -15574   -596  -1246
 -15584   -622  -1276
 -15590   -638  -1292
 -15578   -646  -1260
 -15562   -636  -1268
 -15590   -644  -1242
 -15566   -614  -1298
 -15596   -638  -1278
 -15596   -632  -1288
 -15586   -624  -1346
 -15616   -626  -1282
 -15568   -634  -1266
 -15552   -614  -1266
 -15576   -624  -1256
 -15586   -622  -1288
 -15576   -610  -1248
 -15570   -608  -1270
 -15580   -610  -1270
 -15590   -576  -1256
 -15624   -652  -1254
 -15596   -648  -1274
 -15598   -614  -1272
 -15596   -596  -1270
 -15584   -616  -1264
 -15576   -614  -1296
 -15556   -626  -1272
 -15578   -622  -1296
 -15590   -606  -1312
 -15594   -652  -1286
 -15606   -600  -1256
 -15590   -612  -1290
 -15614   -632  -1244
 -15566   -590  -1342
 -15618   -608  -1296
 -15544   -624  -1276
 -15576   -634  -1234
 -15606   -636  -1254
 -15596   -600  -1302
 -15580   -654  -1284
 -15588   -626  -1290
 -15558   -628  -1286
 -15578   -642  -1248
 -15590   -630  -1294
 -15600   -592  -1304
 -15574   -622  -1280
 -15570   -616  -1262
 -15584   -630  -1288
 -15568   -604  -1266
 -15584   -596  -1310
 -15576   -630  -1302
 -15576   -608  -1278
 -15548   -584  -1264
 -15592   -602  -1294
 -15560   -620  -1342
 -15562   -644  -1270
 -15566   -644  -1304
 -15604   -618  -1272
 -15560   -604  -1306
 -15584   -624  -1304
 -15594   -590  -1262
 -15592   -606  -1278
 -15568   -636  -1232
 -15576   -606  -1304
 -15578   -626  -1296
 -15574   -622  -1230
 -15582   -634  -1264
 -15604   -638  -1284
 -15596   -626  -1282
 -15552   -608  -1300
 -15576   -628  -1274
 -15568   -618  -1264
 -15600   -616  -1266
 -15560   -588  -1232
 -15570   -614  -1246
 -15568   -628  -1264
 -15574   -614  -1256
 -15546   -608  -1266
 -15594   -612  -1270
 -15560   -608  -1292
 -15562   -600  -1268
 -15584   -600  -1242
 -15580   -598  -1266
 -15570   -608  -1274
 -15608   -614  -1304
 -15570   -620  -1246
 -15564   -614  -1282
 -15552   -620  -1266
 -15570   -598  -1290
 -15602   -618  -1278
 -15600   -630  -1292
 -15562   -636  -1294
 -15572   -626  -1288
 -15566   -626  -1306
 -15582   -588  -1296
 -15574   -624  -1284
 -15580   -622  -1288
 -15538   -610  -1264
 -15564   -594  -1262
 -15578   -622  -1226
 -15566   -616  -1298
 -15582   -602  -1316
 -15590   -618  -1308
 -15574   -614  -1264
 -15552   -620  -1276
 -15580   -624  -1248
 -15590   -626  -1242
 -15590   -636  -1292
 -15536   -616  -1290
 -15558   -628  -1270
 -15542   -604  -1294
 -15580   -610  -1268
 -15612   -628  -1248
 -15602   -636  -1312
 -15564   -616  -1284
 -15572   -626  -1248
 -15558   -624  -1264
 -15604   -602  -1310
 -15572   -616  -1220
 -15572   -618  -1262
 -15594   -616  -1300
 -15560   -610  -1270
 -15586   -642  -1260
 -15578   -634  -1306
 -15572   -612  -1248
 -15550   -628  -1292
 -15610   -620  -1260
 -15570   -634  -1278
 -15580   -620  -1324
 -15586   -590  -1298
 -15618   -608  -1274
 -15578   -620  -1286
 -15568   -592  -1282
 -15550   -588  -1278
 -15562   -600  -1298
 -15594   -604  -1256
 -15570   -622  -1318
 -15574   -606  -1274
 -15544   -624  -1232
 -15574   -620  -1298
 -15570   -622  -1246
 -15552   -650  -1268
 -15598   -614  -1314
 -15614   -632  -1288
 -15586   -624  -1306
 -15532   -622  -1296
 -15600   -608  -1310
 -15592   -568  -1296
 -15594   -592  -1284
 -15606   -636  -1292
 -15566   -620  -1266
 -15584   -594  -1268
 -15582   -624  -1252
 -15574   -640  -1286
 -15584   -612  -1310
 -15602   -618  -1278
 -15574   -626  -1290
 -15570   -610  -1272
 -15588   -638  -1272
 -15590   -632  -1310
 -15576   -628  -1280
 -15578   -646  -1260
 -15594   -606  -1304
 -15602   -606  -1272
 -15598   -646  -1274
 -15578   -628  -1252
 -15568   -626  -1276
 -15606   -604  -1308
 -15558   -606  -1258
 -15598   -610  -1296
 -15636   -612  -1292
 -15566   -620  -1300
 -15558   -608  -1300
 -15590   -596  -1282
 -15558   -640  -1246
 -15596   -628  -1268
 -15570   -612  -1258
 -15592   -624  -1282
 -15592   -632  -1282
 -15558   -632  -1308
 -15572   -620  -1316
 -15592   -620  -1264
 -15588   -620  -1296
 -15582   -640  -1276
 -15562   -652  -1260
 -15564   -622  -1296
 -15576   -618  -1256
 -15606   -632  -1292
 -15596   -622  -1276
 -15606   -638  -1302
 -15564   -652  -1294
 -15578   -602  -1266
 -15620   -644  -1262
 -15588   -620  -1280
 -15578   -612  -1284
 -15572   -642  -1268
 -15568   -618  -1296
 -15544   -620  -1324
 -15582   -626  -1284
 -15572   -602  -1304
 -15602   -624  -1254
 -15598   -628  -1282
 -15572   -622  -1300
 -15594   -618  -1272
 -15588   -626  -1280
 -15604   -626  -1270
 -15574   -590  -1308
 -15540   -632  -1262
 -15552   -602  -1290
 -15596   -622  -1278
 -15592   -614  -1282
 -15578   -630  -1310
 -15584   -612  -1284
 -15574   -646  -1286
 -15576   -586  -1254
 -15570   -620  -1252
 -15574   -630  -1302
 -15582   -644  -1270
 -15578   -600  -1234
 -15582   -624  -1280
 -15582   -642  -1266
 -15558   -608  -1272
 -15570   -634  -1260
 -15572   -642  -1248
 -15590   -652  -1224
 -15574   -618  -1268
 -15574   -624  -1290
 -15584   -626  -1304
 -15588   -630  -1242
 -15576   -598  -1292
 -15594   -608  -1270
 -15548   -604  -1278
 -15582   -614  -1252
 -15590   -580  -1328
 -15548   -606  -1318
 -15540   -628  -1290
 -15542   -632  -1254
 -15518   -612  -1328
 -15566   -652  -1298
 -15560   -650  -1266
 -15574   -634  -1262
 -15576   -592  -1278
 -15584   -632  -1304
 -15556   -648  -1236
 -15574   -606  -1244
 -15572   -612  -1260
 -15600   -588  -1270
 -15604   -622  -1260
 -15586   -630  -1278
 -15562   -624  -1294
 -15560   -604  -1298
 -15590   -598  -1294
 -15576   -618  -1294
 -15572   -626  -1272
 -15568   -626  -1254
 -15570   -630  -1280
 -15526   -628  -1254
 -15566   -626  -1300
 -15582   -616  -1306
 -15582   -608  -1238
 -15576   -624  -1254
 -15570   -626  -1250
 -15548   -628  -1258
 -15610   -624  -1296
 -15580   -600  -1290
 -15586   -612  -1232
 -15582   -612  -1278
 -15580   -608  -1284
 -15540   -606  -1276
 -15572   -624  -1316
 -15594   -640  -1266
 -15620   -632  -1302
 -15578   -638  -1266
 -15580   -608  -1262
 -15592   -606  -1214
 -15560   -626  -1292
 -15594   -630  -1268
 -15580   -612  -1296
 -15578   -584  -1326
 -15560   -618  -1242
 -15542   -640  -1286
 -15562   -628  -1290
 -15582   -614  -1264
 -15592   -600  -1248
 -15590   -600  -1298
 -15572   -614  -1274
 -15592   -626  -1248
 -15610   -624  -1294
 -15580   -650  -1284
 -15580   -618  -1240
 -15564   -612  -1232
 -15586   -626  -1296
 -15568   -602  -1264
 -15578   -622  -1300
 -15568   -614  -1282
 -15584   -618  -1246
 -15578   -596  -1280
 -15614   -646  -1298
 -15558   -578  -1272
 -15548   -640  -1278
 -15570   -616  -1274
 -15590   -596  -1286
 -15580   -622  -1290
 -15556   -634  -1312
 -15586   -636  -1306
 -15624   -610  -1270
 -15570   -626  -1282
 -15586   -604  -1274
 -15612   -630  -1302
 -15582   -634  -1288
 -15586   -628  -1310
 -15584   -624  -1278
 -15602   -590  -1278
 -15576   -622  -1298
 -15584   -620  -1320
 -15606   -628  -1290
 -15578   -624  -1236
 -15598   -614  -1284
 -15578   -626  -1288
 -15576   -616  -1246
 -15578   -648  -1256
 -15584   -626  -1238
 -15562   -626  -1268
 -15572   -638  -1272
 -15558   -628  -1264
 -15574   -606  -1280
 -15550   -640  -1292
 -15590   -594  -1310
 -15594   -622  -1284
 -15564   -620  -1256
 -15594   -620  -1298
 -15586   -602  -1276
 -15594   -646  -1288
 -15594   -626  -1276
 -15566   -640  -1258
 -15582   -630  -1264
 -15560   -612  -1296
 -15614   -572  -1254
 -15594   -622  -1288
 -15592   -624  -1282
 -15590   -606  -1334
 -15556   -592  -1284
 -15564   -626  -1240
 -15580   -620  -1304
 -15600   -620  -1290
 -15588   -622  -1228
 -15572   -618  -1232
 -15604   -604  -1350
 -15588   -646  -1256
 -15574   -604  -1254
 -15600   -610  -1244
 -15548   -612  -1326
 -15564   -608  -1262
 -15580   -628  -1240
 -15596   -636  -1264
 -15576   -630  -1290
 -15564   -622  -1292
 -15580   -634  -1276
 -15592   -614  -1250
 -15604   -616  -1278
 -15574   -576  -1274
 -15580   -596  -1262
 -15614   -630  -1236
 -15582   -614  -1258
 -15594   -634  -1272
 -15606   -614  -1252
 -15586   -630  -1302
 -15574   -578  -1244
 -15564   -600  -1272
 -15576   -636  -1304
 -15572   -620  -1308
 -15586   -622  -1296
 -15564   -616  -1278
 -15574   -638  -1262
 -15584   -634  -1280
 -15540   -610  -1262
 -15566   -634  -1264
 -15594   -620  -1274
 -15574   -600  -1302
 -15588   -624  -1270
 -15576   -652  -1322
 -15556   -626  -1284
 -15586   -620  -1266
 -15572   -614  -1318
 -15602   -618  -1302
 -15598   -618  -1284
 -15584   -618  -1284
 -15568   -632  -1288
 -15570   -624  -1264
 -15582   -600  -1232
 -15590   -624  -1250
 -15544   -596  -1258
 -15574   -620  -1292
 -15570   -614  -1262
 -15566   -616  -1268
 -15768   -628  -1282
 -15568   -634  -1294
 -15572   -612  -1316
 -15626   -620  -1266
 -15576   -596  -1290
 -15590   -638  -1284
 -15578   -590  -1250
 -15554   -630  -1272
 -15486   -584  -1310
 -15606   -612  -1234
 -15564   -624  -1254
 -15588   -606  -1272
 -15592   -612  -1280
 -15548   -610  -1284
 -15626   -628  -1212
 -15584   -626  -1272
 -15556   -626  -1330
 -15636   -636  -1322
 -15548   -626  -1292
 -15542   -592  -1280
 -15572   -616  -1248
 -15546   -606  -1288
 -15616   -610  -1350
 -15560   -624  -1264
 -15572   -622  -1302
 -15580   -594  -1290
 -15588   -616  -1278
 -15612   -640  -1290
 -15594   -590  -1288
 -15588   -604  -1242
 -15594   -626  -1308
 -15586   -634  -1274
 -15590   -624  -1256
 -15568   -608  -1258
 -15584   -596  -1258
 -15564   -630  -1264
 -15562   -620  -1264
 -15562   -596  -1250
 -15544   -630  -1252
 -15566   -618  -1256
 -15588   -618  -1262
 -15566   -618  -1252
 -15562   -634  -1310
 -15558   -626  -1258
 -15600   -654  -1286
 -15552   -640  -1272
 -15570   -608  -1282
 -15576   -620  -1258
 -15590   -608  -1294
 -15582   -654  -1252
 -15592   -612  -1306
 -15576   -622  -1236
 -15580   -614  -1278
 -15570   -610  -1250
 -15604   -606  -1250
 -15584   -604  -1290
 -15584   -594  -1278
 -15564   -624  -1270
 -15562   -612  -1264
 -15584   -640  -1294
 -15582   -610  -1288
 -15576   -608  -1324
 -15578   -592  -1272
 -15580   -618  -1294
 -15612   -588  -1300
 -15596   -610  -1282
 -15572   -640  -1272
 -15612   -648  -1310
 -15596   -628  -1300
 -15588   -600  -1318
 -15592   -612  -1282
 -15576   -630  -1308
 -15624   -626  -1280
 -15552   -626  -1284
 -15608   -620  -1294
 -15554   -596  -1276
 -15582   -610  -1282
 -15586   -612  -1292
 -15570   -650  -1252
 -15568   -592  -1286
 -15564   -628  -1324
 -15540   -600  -1274
 -15554   -616  -1282
 -15568   -592  -1254
 -15584   -606  -1304
 -15610   -606  -1324
 -15590   -610  -1272
 -15580   -598  -1262
 -15580   -610  -1262
 -15572   -620  -1278
 -15584   -630  -1324
 -15580   -602  -1276
 -15614   -646  -1286
 -15548   -630  -1272
 -15542   -604  -1306
 -15530   -624  -1282
 -15572   -622  -1254
 -15564   -586  -1268
 -15566   -608  -1266
 -15604   -590  -1262
 -15580   -612  -1274
 -15586   -618  -1298
 -15570   -582  -1290
 -15576   -600  -1320
 -15548   -626  -1306
 -15596   -606  -1266
 -15578   -612  -1286
 -15574   -606  -1290
 -15570   -594  -1272
 -15544   -568  -1280
 -15590   -642  -1238
 -15590   -610  -1232
 -15572   -580  -1286
 -15580   -618  -1270
 -15548   -642  -1290
 -15606   -606  -1278
 -15574   -624  -1202
 -15588   -602  -1252
 -15606   -590  -1250
 -15568   -604  -1240
 -15550   -612  -1258
 -15568   -616  -1274
 -15590   -634  -1246
 -15550   -582  -1290
 -15562   -620  -1262
 -15576   -610  -1284
 -15560   -624  -1270
 -15584   -614  -1278
 -15540   -652  -1268
 -15576   -618  -1238
 -15582   -598  -1272
 -15572   -620  -1254
 -15578   -626  -1292
 -15592   -644  -1284
 -15614   -602  -1258
 -15608   -650  -1298
 -15570   -584  -1280
 -15596   -586  -1300
 -15568   -634  -1262
 -15590   -612  -1268
 -15580   -594  -1286
 -15616   -592  -1336
 -15556   -616  -1332
 -15582   -610  -1304
 -15556   -576  -1352
 -15602   -626  -1292
 -15582   -604  -1276
 -15560   -616  -1294
 -15562   -606  -1270
 -15628   -646  -1298
 -15590   -604  -1306
 -15588   -614  -1270
 -15590   -626  -1268
 -15582   -630  -1258
 -15578   -618  -1282
 -15572   -592  -1340
 -15574   -632  -1350
 -15582   -622  -1324
 -15602   -604  -1338
 -15566   -594  -1284
 -15586   -608  -1268
 -15606   -608  -1280
 -15588   -594  -1274
 -15582   -612  -1298
 -15572   -606  -1234
 -15558   -596  -1242
 -15562   -618  -1260
 -15560   -606  -1308
 -15574   -600  -1268
 -15588   -604  -1296
 -15586   -612  -1266
 -15570   -614  -1272
 -15560   -608  -1348
 -15584   -618  -1292
 -15586   -586  -1290
 -15578   -626  -1298
 -15572   -618  -1230
 -15556   -628  -1264
 -15572   -616  -1292
 -15554   -626  -1278
 -15566   -640  -1264
 -15568   -598  -1272
 -15580   -620  -1256
 -15548   -604  -1264
 -15582   -596  -1282
 -15564   -624  -1306
 -15584   -622  -1274
 -15572   -622  -1268
 -15586   -610  -1262
 -15582   -640  -1258
 -15576   -634  -1270
 -15570   -604  -1234
 -15586   -616  -1280
 -15598   -608  -1306
 -15562   -616  -1330
 -15558   -632  -1294
 -15574   -622  -1312
 -15572   -646  -1312
 -15604   -630  -1236
 -15574   -630  -1250
 -15572   -622  -1328
 -15594   -630  -1246
 -15572   -624  -1274
 -15584   -618  -1282
 -15528   -612  -1248
 -15580   -604  -1254
 -15590   -632  -1316
 -15560   -642  -1272
 -15582   -636  -1278
 -15592   -624  -1284
 -15570   -630  -1256
 -15558   -624  -1266
 -15600   -616  -1282
 -15576   -594  -1292
 -15604   -618  -1278
 -15584   -618  -1236
 -15548   -626  -1258
 -15562   -644  -1270
 -15590   -614  -1286
 -15554   -648  -1260
 -15568   -626  -1244
 -15570   -636  -1312
 -15586   -608  -1242
 -15560   -606  -1266
 -15602   -592  -1302
 -15568   -620  -1290
 -15600   -648  -1306
 -15596   -618  -1308
 -15592   -608  -1304
 -15584   -616  -1306
 -15552   -598  -1270
 -15566   -602  -1270
 -15540   -602  -1288
 -15580   -642  -1286
 -15578   -622  -1322
 -15558   -582  -1256
 -15584   -628  -1270
 -15542   -636  -1298
 -15566   -616  -1308
 -15586   -620  -1282
 -15590   -608  -1322
 -15580   -626  -1294
 -15576   -640  -1330
 -15550   -598  -1276
 -15566   -596  -1294
 -15530   -644  -1284
 -15558   -630  -1270
 -15566   -622  -1290
 -15578   -606  -1316
 -15560   -608  -1296
 -15568   -632  -1338
 -15570   -616  -1266
 -15598   -606  -1226
 -15596   -616  -1304
 -15562   -620  -1286
 -15584   -626  -1282
 -15592   -630  -1268
 -15566   -644  -1310
 -15592   -610  -1308
 -15574   -586  -1300
 -15580   -630  -1282
 -15562   -618  -1248
 -15598   -624  -1320
 -15602   -622  -1298
 -15582   -588  -1230
 -15552   -626  -1232
 -15578   -622  -1246
 -15588   -608  -1282
 -15564   -656  -1264
 -15572   -620  -1292
 -15594   -620  -1290
 -15610   -622  -1264
 -15584   -598  -1266
 -15540   -598  -1266
 -15598   -634  -1304
 -15548   -614  -1264
 -15552   -568  -1252
 -15592   -602  -1322
 -15554   -612  -1250
 -15606   -596  -1344
 -15588   -610  -1334
 -15578   -618  -1326
 -15568   -632  -1264
 -15590   -612  -1262
 -15608   -594  -1270
 -15592   -650  -1272
 -15580   -622  -1270
 -15576   -616  -1264
 -15596   -636  -1224
 -15552   -630  -1250
 -15558   -594  -1290
 -15570   -608  -1242
 -15556   -622  -1272
 -15600   -614  -1258
 -15586   -586  -1312
 -15584   -624  -1286
 -15600   -598  -1310
 -15560   -618  -1278
 -15560   -604  -1254
 -15582   -650  -1274
 -15610   -600  -1262
 -15586   -622  -1248
 -15578   -636  -1266
 -15590   -614  -1226
 -15564   -572  -1300
 -15588   -610  -1298
 -15576   -646  -1254
 -15562   -640  -1296
 -15586   -608  -1264
 -15582   -614  -1330
 -15580   -634  -1302
 -15564   -612  -1316
 -15554   -622  -1298
 -15582   -654  -1300
 -15568   -618  -1310
 -15578   -596  -1314
 -15586   -604  -1316
 -15570   -592  -1278
 -15576   -612  -1288
 -15588   -632  -1294
 -15586   -582  -1284
 -15584   -626  -1266
 -15594   -628  -1302
 -15588   -624  -1282
 -15568   -596  -1264
 -15578   -632  -1284
 -15542   -626  -1304
 -15618   -614  -1284
 -15568   -610  -1278
 -15562   -632  -1270
 -15550   -604  -1236
 -15600   -594  -1318
 -15570   -606  -1290
 -15554   -600  -1316
 -15606   -598  -1344
 -15582   -608  -1316
 -15578   -616  -1294
 -15584   -646  -1284
 -15590   -624  -1296
 -15566   -602  -1308
 -15598   -602  -1294
 -15582   -612  -1250
 -15576   -592  -1256
 -15604   -628  -1314
 -15568   -624  -1280
 -15578   -626  -1270
 -15554   -610  -1288
 -15578   -622  -1300
 -15612   -636  -1292
 -15578   -646  -1258
 -15576   -628  -1314
 -15548   -628  -1310
 -15594   -618  -1294
 -15614   -604  -1294
 -15570   -622  -1274
 -15568   -622  -1304
 -15578   -610  -1314
 -15558   -622  -1320
 -15538   -632  -1308
 -15588   -604  -1290
 -15594   -606  -1262
 -15600   -612  -1298
 -15614   -618  -1318
 -15588   -608  -1326
 -15564   -616  -1264
 -15558   -638  -1314
 -15570   -624  -1246
 -15602   -630  -1266
 -15590   -628  -1292
 -15584   -630  -1314
 -15570   -620  -1296
 -15558   -604  -1314
 -15600   -596  -1268
 -15596   -636  -1264
 -15580   -606  -1262
 -15618   -616  -1240
 -15576   -632  -1308
 -15568   -616  -1250
 -15576   -610  -1264
 -15562   -590  -1270
 -15562   -616  -1258
 -15516   -626  -1268
 -15592   -594  -1292
 -15576   -596  -1322
 -15538   -614  -1280
 -15572   -620  -1288
 -15580   -616  -1270
 -15584   -610  -1304
 -15550   -590  -1256
 -15590   -624  -1286
 -15568   -614  -1260
 -15564   -614  -1280
 -15574   -656  -1268
 -15568   -648  -1266
 -15544   -638  -1332
 -15574   -638  -1314
 -15566   -634  -1322
 -15564   -628  -1276
 -15560   -628  -1310
 -15560   -626  -1286
 -15594   -608  -1286
 -15570   -598  -1288
 -15566   -640  -1312
 -15590   -612  -1288
 -15600   -632  -1264
 -15586   -622  -1238
 -15588   -634  -1294
 -15602   -598  -1320
 -15622   -624  -1272
 -15562   -616  -1248
 -15558   -606  -1286
 -15576   -598  -1258
 -15586   -626  -1254
 -15570   -574  -1312
 -15580   -606  -1254
 -15616   -630  -1290
 -15576   -618  -1298
 -15574   -624  -1304
 -15588   -638  -1330
 -15582   -642  -1256
 -15584   -602  -1304
 -15562   -634  -1300
 -15570   -618  -1260
 -15594   -636  -1278
 -15580   -632  -1322
 -15558   -624  -1306
 -15586   -614  -1300
 -15576   -578  -1262
 -15560   -604  -1294
 -15606   -594  -1238
 -15598   -634  -1280
 -15614   -626  -1308
 -15594   -638  -1304
 -15556   -608  -1318
 -15584   -598  -1272
 -15616   -612  -1256
 -15570   -648  -1272
 -15602   -608  -1278
 -15576   -618  -1298
 -15568   -642  -1306
 -15614   -628  -1258
 -15624   -596  -1320
 -15598   -612  -1288
 -15574   -626  -1246
 -15572   -622  -1258
 -15576   -620  -1328
 -15582   -620  -1294
 -15572   -618  -1298
 -15594   -640  -1270
 -15574   -604  -1250
 -15568   -608  -1272
 -15558   -616  -1282
 -15570   -624  -1274
 -15586   -602  -1254
 -15588   -612  -1278
 -15590   -626  -1240
 -15576   -618  -1280
 -15574   -614  -1318
 -15576   -630  -1288
 -15570   -628  -1300
 -15556   -588  -1290
 -15582   -570  -1308
 -15560   -606  -1252
 -15572   -612  -1294
 -15590   -616  -1254
 -15580   -604  -1276
 -15554   -624  -1272
 -15554   -622  -1256
 -15588   -610  -1306
 -15574   -622  -1330
 -15564   -636  -1362
 -15588   -604  -1298
 -15566   -592  -1250
 -15602   -598  -1266
 -15584   -598  -1278
 -15582   -620  -1260
 -15604   -644  -1292
 -15574   -640  -1322
 -15552   -602  -1260
 -15562   -618  -1296
 -15588   -636  -1310
 -15600   -626  -1284
 -15584   -616  -1260
 -15558   -630  -1248
 -15608   -638  -1278
 -15550   -584  -1300
 -15600   -602  -1308
 -15600   -604  -1244
 -15570   -614  -1336
 -15592   -630  -1262
 -15626   -600  -1296
 -15598   -604  -1280
 -15568   -630  -1326
 -15596   -620  -1266
 -15566   -616  -1298
 -15558   -614  -1282
 -15598   -634  -1240
 -15570   -610  -1302
 -15550   -594  -1280
 -15582   -614  -1270
 -15558   -646  -1252
 -15584   -610  -1294
 -15558   -622  -1308
 -15590   -608  -1314
 -15600   -626  -1258
 -15574   -622  -1328
 -15562   -618  -1262
 -15568   -602  -1280
 -15580   -608  -1290
 -15588   -654  -1294
 -15570   -618  -1306
 -15590   -594  -1242
 -15546   -608  -1274
 -15562   -632  -1314
 -15608   -616  -1216
 -15564   -616  -1236
 -15566   -624  -1280
 -15576   -616  -1272
 -15566   -620  -1306
 -15598   -616  -1268
 -15568   -582  -1266
 -15552   -630  -1314
 -15588   -616  -1268
 -15610   -608  -1290
 -15548   -614  -1288
 -15572   -622  -1282
 -15560   -598  -1282
 -15550   -622  -1314
 -15568   -650  -1282
 -15586   -630  -1296
 -15570   -650  -1274
 -15560   -638  -1322
 -15552   -638  -1276
 -15600   -626  -1282
 -15568   -616  -1290
 -15576   -640  -1314
 -15566   -610  -1282
 -15580   -598  -1280
 -15584   -640  -1282
 -15576   -626  -1254
 -15544   -608  -1262
 -15570   -626  -1272
 -15586   -636  -1242
 -15566   -596  -1316
 -15560   -614  -1306
 -15582   -626  -1322
 -15588   -616  -1316
 -15550   -610  -1300
 -15556   -650  -1306
 -15578   -630  -1242
 -15532   -586  -1300
 -15540   -610  -1300
 -15562   -600  -1294
 -15610   -618  -1292
 -15584   -624  -1332
 -15574   -606  -1300
 -15590   -646  -1284
 -15566   -616  -1278
 -15588   -608  -1350
 -15578   -602  -1326
 -15572   -602  -1296
 -15582   -602  -1300
 -15584   -614  -1296
 -15562   -630  -1244
 -15596   -650  -1306
 -15554   -604  -1272
 -15582   -628  -1276
 -15580   -612  -1256
 -15594   -596  -1280
 -15556   -608  -1292
 -15590   -640  -1290
 -15568   -646  -1288
 -15580   -610  -1290
 -15586   -604  -1264
 -15550   -614  -1320
 -15578   -610  -1272
 -15572   -618  -1316
 -15550   -618  -1300
 -15566   -610  -1282
 -15552   -604  -1264
 -15546   -624  -1264
 -15592   -600  -1308
 -15560   -610  -1292
 -15562   -618  -1264
 -15594   -608  -1290
 -15594   -630  -1280
 -15582   -632  -1324
 -15588   -608  -1286
 -15590   -588  -1248
 -15572   -626  -1258
 -15570   -644  -1270
 -15556   -618  -1288
 -15574   -616  -1320
 -15584   -614  -1282
 -15570   -618  -1262
 -15568   -612  -1254
 -15582   -614  -1300
 -15580   -592  -1306
 -15594   -652  -1280
 -15592   -620  -1260
 -15562   -604  -1282
 -15576   -588  -1296
 -15550   -588  -1248
 -15590   -622  -1274
 -15574   -624  -1286
 -15572   -628  -1304
 -15578   -624  -1284
 -15580   -598  -1284
 -15604   -624  -1270
 -15580   -630  -1264
 -15574   -616  -1340
 -15564   -610  -1288
 -15558   -614  -1276
 -15570   -624  -1296
 -15564   -632  -1270
 -15582   -606  -1242
 -15556   -602  -1264
 -15578   -600  -1326
 -15568   -606  -1284
 -15568   -622  -1272
 -15588   -606  -1284
 -15572   -630  -1310
 -15608   -630  -1270
 -15606   -618  -1310
 -15578   -612  -1268
 -15576   -620  -1254
 -15594   -594  -1256
 -15564   -638  -1308
 -15564   -622  -1270
 -15552   -604  -1316
 -15564   -584  -1320
 -15578   -624  -1256
 -15548   -628  -1308
 -15564   -612  -1304
 -15576   -612  -1258
 -15590   -626  -1244
 -15598   -620  -1302
 -15564   -630  -1296
 -15570   -616  -1268
 -15594   -610  -1270
 -15578   -624  -1324
 -15588   -612  -1234
 -15614   -628  -1272
 -15558   -606  -1358
 -15568   -648  -1304
 -15596   -626  -1288
 -15534   -630  -1290
 -15564   -634  -1278
 -15582   -632  -1306
 -15586   -610  -1302
 -15554   -626  -1276
 -15612   -628  -1232
 -15570   -596  -1284
 -15576   -628  -1284
 -15606   -630  -1246
 -15580   -610  -1272
 -15562   -626  -1312
 -15614   -604  -1246
 -15600   -610  -1278
 -15604   -598  -1296
 -15574   -602  -1284
 -15588   -620  -1270
 -15566   -618  -1274
 -15550   -586  -1322
 -15604   -610  -1286
 -15588   -604  -1272
 -15602   -614  -1302
 -15588   -610  -1224
 -15582   -620  -1310
 -15572   -646  -1306
 -15562   -614  -1282
 -15556   -584  -1300
 -15568   -628  -1296
 -15574   -616  -1280
 -15602   -618  -1268
 -15586   -654  -1304
 -15550   -612  -1306
 -15562   -594  -1272
 -15554   -646  -1300
 -15578   -624  -1252
 -15562   -646  -1274
 -15592   -620  -1292
 -15622   -630  -1260
 -15574   -614  -1292
 -15588   -606  -1266
 -15594   -604  -1268
 -15580   -652  -1288
 -15592   -626  -1290
 -15574   -602  -1284
 -15582   -626  -1308
 -15576   -642  -1280
 -15556   -612  -1294
 -15576   -660  -1300
 -15556   -634  -1266
 -15584   -630  -1268
 -15554   -614  -1266
 -15586   -614  -1284
 -15594   -628  -1290
 -15588   -612  -1314
 -15584   -630  -1328
 -15592   -606  -1284
 -15598   -626  -1268
 -15588   -638  -1296
 -15610   -620  -1320
 -15572   -622  -1284
 -15594   -610  -1256
 -15578   -622  -1260
 -15570   -626  -1306
 -15578   -646  -1296
 -15580   -616  -1312
 -15592   -610  -1296
 -15558   -616  -1290
 -15590   -602  -1280
 -15580   -628  -1312
 -15576   -652  -1328
 -15564   -618  -1310
 -15574   -630  -1306
 -15594   -612  -1298
 -15590   -618  -1296
 -15574   -624  -1288
 -15584   -610  -1294
 -15558   -624  -1292
 -15554   -602  -1268
 -15606   -608  -1318
 -15574   -592  -1278
 -15596   -610  -1316
 -15610   -624  -1256
 -15532   -612  -1288
 -15588   -610  -1274
 -15542   -604  -1274
 -15576   -620  -1290
 -15580   -638  -1284
 -15592   -614  -1274
 -15588   -614  -1300
 -15596   -622  -1288
 -15594   -608  -1266
 -15586   -624  -1298
 -15584   -618  -1298
 -15576   -602  -1260
 -15594   -594  -1234
 -15558   -600  -1278
 -15584   -622  -1308
 -15584   -616  -1290
 -15568   -620  -1274
 -15540   -618  -1288
 -15590   -614  -1246
 -15562   -630  -1314
 -15546   -620  -1318
 -15580   -604  -1266
 -15566   -604  -1282
 -15608   -622  -1242
 -15580   -624  -1284
 -15566   -618  -1296
 -15582   -592  -1278
 -15572   -624  -1256
 -15566   -652  -1312
 -15574   -610  -1258
 -15580   -638  -1244
 -15552   -626  -1294
 -15570   -608  -1270
 -15564   -636  -1310
 -15560   -634  -1308
 -15574   -624  -1318
 -15594   -624  -1282
 -15600   -626  -1292
 -15592   -640  -1298
 -15596   -624  -1248
 -15574   -622  -1284
 -15570   -636  -1320
 -15584   -630  -1328
 -15568   -606  -1294
 -15560   -610  -1318
 -15556   -614  -1306
 -15618   -634  -1304
 -15580   -620  -1280
 -15570   -598  -1322
 -15578   -632  -1294
 -15578   -634  -1312
 -15580   -638  -1340
 -15574   -636  -1306
 -15580   -604  -1304
 -15592   -628  -1286
 -15588   -640  -1304
 -15554   -622  -1304
 -15562   -618  -1268
 -15614   -622  -1304
 -15598   -608  -1278
 -15582   -622  -1280
 -15558   -610  -1316
 -15572   -640  -1274
 -15588   -614  -1304
 -15582   -610  -1280
 -15550   -608  -1288
 -15548   -608  -1268
 -15570   -630  -1290
 -15566   -624  -1316
 -15576   -630  -1284
 -15562   -598  -1248
 -15578   -600  -1242
 -15572   -648  -1260
 -15582   -636  -1322
 -15580   -628  -1276
 -15566   -608  -1270
 -15570   -610  -1266
 -15540   -632  -1274
 -15584   -596  -1264
 -15570   -606  -1290
 -15552   -626  -1284
 -15578   -602  -1336
 -15546   -600  -1308
 -15572   -620  -1328
 -15586   -622  -1292
 -15586   -624  -1290
 -15576   -616  -1294
 -15580   -624  -1296
 -15580   -584  -1316
 -15554   -604  -1266
 -15550   -622  -1266
 -15600   -614  -1252
 -15570   -608  -1286
 -15556   -612  -1316
 -15594   -596  -1264
 -15586   -606  -1280
 -15552   -616  -1286
 -15548   -626  -1312
 -15592   -590  -1342
 -15580   -602  -1314
 -15584   -598  -1296
 -15618   -612  -1278
 -15570   -608  -1262
 -15566   -626  -1272
 -15548   -626  -1260
 -15616   -622  -1234
 -15596   -602  -1254
 -15562   -604  -1276
 -15554   -574  -1310
 -15600   -584  -1308
 -15548   -594  -1272
 -15586   -594  -1296
 -15616   -612  -1252
 -15592   -628  -1316
 -15608   -604  -1284
 -15572   -620  -1328
 -15546   -628  -1304
 -15542   -640  -1276
 -15608   -620  -1288
 -15588   -590  -1338
 -15592   -620  -1318
 -15594   -606  -1272
 -15578   -598  -1260
 -15546   -612  -1274
 -15548   -604  -1242
 -15596   -600  -1270
 -15584   -618  -1272
 -15608   -624  -1274
 -15568   -624  -1308
 -15564   -598  -1300
 -15564   -610  -1258
 -15578   -608  -1262
 -15592   -636  -1310
 -15582   -600  -1320
 -15554   -618  -1224
 -15598   -618  -1304
 -15576   -618  -1240
 -15584   -646  -1300
 -15570   -594  -1338
 -15586   -608  -1276
 -15570   -638  -1310
 -15538   -598  -1272
 -15558   -644  -1314
 -15552   -632  -1286
 -15578   -610  -1256
 -15572   -612  -1306
 -15568   -632  -1284
 -15576   -646  -1294
 -15600   -636  -1310
 -15564   -642  -1296
 -15568   -656  -1292
 -15572   -604  -1268
 -15594   -624  -1308
 -15566   -628  -1288
 -15600   -620  -1290
 -15564   -616  -1284
 -15588   -622  -1290
 -15572   -628  -1334
 -15594   -626  -1322
 -15602   -618  -1284
 -15544   -600  -1288
 -15580   -618  -1272
 -15588   -624  -1306
 -15530   -608  -1268
 -15578   -632  -1284
 -15550   -644  -1276
 -15578   -598  -1284
 -15584   -630  -1282
 -15574   -628  -1246
 -15584   -608  -1320
 -15618   -624  -1242
 -15540   -618  -1260
 -15590   -632  -1268
 -15596   -604  -1296
 -15570   -612  -1280
 -15586   -624  -1272
 -15596   -612  -1316
 -15572   -612  -1302
 -15568   -622  -1284
 -15602   -618  -1270
 -15596   -610  -1272
 -15584   -604  -1316
 -15574   -598  -1298
 -15566   -616  -1274
 -15558   -600  -1266
 -15572   -586  -1256
 -15592   -612  -1286
 -15586   -622  -1264
 -15558   -638  -1290
 -15570   -618  -1252
 -15584   -614  -1268
 -15598   -616  -1262
 -15614   -628  -1294
 -15584   -616  -1284
 -15584   -598  -1270
 -15572   -614  -1302
 -15550   -616  -1304
 -15560   -618  -1310
 -15576   -614  -1270
 -15572   -618  -1308
 -15584   -604  -1254
 -15612   -632  -1268
 -15596   -612  -1270
 -15600   -636  -1324
 -15560   -616  -1286
 -15556   -636  -1286
 -15626   -634  -1278
 -15598   -624  -1288
 -15590   -622  -1302
 -15590   -618  -1296
 -15582   -598  -1296
 -15576   -622  -1310
 -15558   -614  -1314
 -15558   -606  -1288
 -15606   -618  -1294
 -15580   -632  -1284
 -15568   -626  -1342
 -15610   -644  -1286
 -15538   -620  -1320
 -15554   -590  -1272
 -15544   -618  -1262
 -15582   -612  -1296
 -15588   -616  -1262
 -15598   -610  -1278
 -15566   -622  -1380
 -15570   -646  -1318
 -15582   -636  -1268
 -15588   -622  -1282
 -15570   -640  -1266
 -15570   -616  -1280
 -15558   -614  -1284
 -15558   -624  -1294
 -15568   -636  -1316
 -15590   -602  -1318
 -15582   -616  -1280
 -15590   -638  -1264
 -15562   -616  -1298
 -15582   -614  -1270
 -15574   -590  -1304
 -15568   -608  -1278
 -15580   -602  -1322
 -15596   -610  -1308
 -15580   -624  -1282
 -15602   -606  -1296
 -15576   -632  -1320
 -15574   -632  -1288
 -15564   -616  -1322
 -15576   -596  -1280
 -15584   -614  -1268
 -15588   -614  -1306
 -15572   -642  -1292
 -15598   -630  -1298
 -15582   -642  -1312
 -15568   -614  -1270
 -15590   -646  -1266
 -15558   -628  -1286
 -15592   -616  -1296
 -15578   -628  -1252
 -15580   -616  -1230
 -15544   -628  -1236
 -15578   -618  -1294
 -15566   -610  -1264
 -15552   -614  -1296
 -15578   -638  -1268
 -15604   -634  -1292
 -15580   -606  -1294
 -15594   -626  -1292
 -15556   -624  -1244
 -15592   -626  -1304
 -15588   -620  -1238
 -15590   -638  -1314
 -15564   -636  -1260
 -15574   -644  -1290
 -15582   -602  -1284
 -15596   -636  -1316
 -15560   -572  -1314
 -15614   -614  -1230
 -15570   -612  -1310
 -15584   -638  -1284
 -15558   -600  -1302
 -15580   -578  -1276
 -15564   -634  -1292
 -15582   -622  -1294
 -15566   -638  -1258
 -15594   -628  -1288
 -15590   -642  -1252
 -15588   -634  -1272
 -15576   -612  -1256
 -15578   -618  -1254
 -15608   -612  -1206
 -15588   -642  -1282
 -15568   -634  -1298
 -15570   -620  -1276
 -15580   -614  -1312
 -15574   -586  -1292
 -15600   -604  -1292
 -15592   -590  -1254
 -15574   -618  -1256
 -15566   -642  -1266
 -15564   -628  -1272
 -15578   -608  -1312
 -15582   -636  -1282
 -15580   -620  -1276
 -15580   -612  -1282
 -15584   -606  -1318
 -15576   -616  -1264
 -15598   -640  -1282
 -15604   -606  -1302
 -15580   -586  -1302
 -15578   -618  -1288
 -15594   -594  -1254
 -15552   -606  -1296
 -15588   -624  -1250
 -15620   -622  -1222
 -15592   -650  -1246
 -15592   -640  -1272
 -15554   -624  -1314
 -15592   -632  -1288
 -15610   -624  -1338
 -15562   -620  -1318
 -15602   -628  -1282
 -15558   -630  -1274
 -15586   -628  -1250
 -15560   -608  -1266
 -15560   -634  -1270
 -15588   -620  -1290
 -15540   -622  -1248
 -15588   -626  -1268
 -15600   -622  -1340
 -15566   -644  -1270
 -15588   -630  -1292
 -15596   -622  -1222
 -15570   -624  -1274
 -15608   -606  -1324
 -15570   -618  -1318
 -15570   -642  -1308
 -15590   -682  -1292
 -15634   -660  -1316
 -15552   -580  -1342
 -15548   -604  -1258
 -15600   -628  -1334
 -15548   -596  -1362
 -15580   -626  -1312
 -15572   -618  -1242
 -15606   -618  -1274
 -15524   -634  -1304
 -15612   -602  -1258
 -15576   -626  -1234
 -15562   -600  -1316
 -15564   -608  -1284
 -15554   -632  -1296
 -15590   -634  -1306
 -15590   -636  -1304
 -15572   -630  -1304
 -15570   -618  -1262
 -15594   -628  -1266
 -15540   -626  -1260
 -15608   -652  -1280
 -15566   -622  -1294
 -15616   -642  -1250
 -15576   -620  -1250
 -15584   -612  -1328
 -15584   -582  -1262
 -15566   -618  -1228
 -15560   -616  -1282
 -15560   -608  -1316
 -15578   -632  -1234
 -15548   -634  -1266
 -15538   -618  -1314
 -15568   -620  -1290
 -15576   -618  -1272
 -15592   -618  -1270
 -15586   -604  -1296
 -15610   -618  -1290
 -15586   -604  -1262
 -15558   -642  -1292
 -15540   -630  -1312
 -15602   -616  -1320
 -15578   -658  -1316
 -15596   -638  -1272
 -15588   -626  -1288
 -15576   -600  -1280
 -15572   -602  -1276
 -15560   -620  -1290
 -15558   -616  -1272
 -15562   -584  -1254
 -15596   -650  -1244
 -15616   -612  -1304
 -15616   -608  -1300
 -15610   -616  -1250
 -15566   -626  -1254
 -15608   -610  -1312
 -15538   -644  -1292
 -15570   -604  -1284
 -15574   -610  -1270
 -15576   -622  -1236
 -15534   -622  -1290
 -15578   -610  -1272
 -15552   -602  -1250
 -15594   -608  -1322
 -15556   -620  -1286
 -15550   -612  -1276
 -15582   -626  -1246
 -15576   -644  -1252
 -15570   -614  -1258
 -15598   -626  -1300
 -15556   -636  -1300
 -15562   -600  -1282
 -15590   -626  -1264
 -15554   -616  -1296
 -15586   -604  -1328
 -15570   -648  -1296
 -15562   -624  -1320
 -15560   -634  -1228
 -15574   -636  -1258
 -15580   -616  -1276
 -15570   -628  -1284
 -15576   -612  -1300
 -15564   -604  -1280
 -15586   -612  -1270
 -15566   -614  -1310
 -15590   -628  -1304
 -15552   -644  -1256
 -15578   -624  -1270
 -15602   -604  -1310
 -15578   -638  -1296
 -15562   -626  -1252
 -15564   -592  -1304
 -15554   -590  -1332
 -15572   -614  -1284
 -15566   -622  -1290
 -15582   -610  -1274
 -15552   -602  -1306
 -15592   -606  -1304
 -15598   -632  -1264
 -15594   -598  -1292
 -15606   -624  -1292
 -15574   -616  -1304
 -15592   -612  -1270
 -15528   -604  -1314
 -15560   -622  -1276
 -15570   -620  -1304
 -15604   -616  -1236
 -15598   -618  -1276
 -15612   -624  -1274
 -15586   -608  -1276
 -15592   -600  -1282
 -15564   -608  -1298
 -15596   -622  -1288
 -15576   -622  -1234
 -15584   -624  -1292
 -15610   -598  -1288
 -15576   -622  -1264
 -15584   -600  -1342
 -15584   -626  -1302
 -15560   -616  -1286
 -15568   -632  -1290
 -15588   -626  -1290
 -15552   -634  -1286
 -15588   -610  -1282
 -15572   -626  -1276
 -15568   -638  -1288
 -15592   -610  -1292
 -15584   -620  -1286
 -15588   -638  -1292
 -15546   -628  -1308
 -15580   -628  -1232
 -15566   -602  -1238
 -15568   -612  -1266
 -15570   -600  -1288
 -15580   -624  -1264
 -15566   -632  -1280
 -15558   -622  -1252
 -15572   -624  -1290
 -15574   -596  -1284
 -15580   -606  -1294
 -15590   -640  -1282
 -15590   -614  -1308
 -15578   -596  -1292
 -15542   -616  -1282
 -15582   -592  -1308
 -15594   -616  -1304
 -15576   -604  -1330
 -15584   -600  -1260
 -15576   -634  -1292
 -15546   -622  -1298
 -15570   -614  -1304
 -15548   -600  -1336
 -15580   -622  -1272
 -15572   -626  -1268
 -15580   -634  -1314
 -15580   -616  -1276
 -15542   -620  -1308
 -15580   -598  -1292
 -15592   -642  -1306
 -15568   -612  -1298
 -15586   -630  -1254
 -15586   -632  -1304
 -15598   -640  -1288
 -15570   -606  -1264
 -15582   -600  -1254
 -15596   -628  -1292
 -15542   -606  -1300
 -15580   -592  -1326
 -15608   -604  -1292
 -15578   -610  -1290
 -15550   -598  -1264
 -15560   -610  -1256
 -15562   -612  -1326
 -15588   -602  -1298
 -15580   -608  -1278
 -15598   -600  -1316
 -15584   -610  -1294
 -15586   -580  -1336
 -15584   -604  -1274
 -15548   -630  -1296
 -15564   -610  -1318
 -15590   -666  -1280
 -15578   -640  -1296
 -15574   -612  -1268
 -15556   -616  -1306
 -15596   -616  -1322
 -15610   -646  -1302
 -15620   -600  -1284
 -15572   -608  -1288
 -15546   -630  -1280
 -15564   -614  -1296
 -15572   -622  -1330
 -15586   -622  -1232
 -15584   -618  -1258
 -15592   -606  -1302
 -15576   -622  -1270
 -15564   -632  -1330
 -15560   -606  -1370
 -15556   -632  -1326
 -15612   -624  -1278
 -15604   -624  -1254
 -15578   -618  -1276
 -15552   -624  -1278
 -15592   -636  -1310
 -15576   -620  -1370
 -15558   -624  -1284
 -15568   -606  -1316
 -15564   -620  -1254
 -15570   -610  -1306
 -15578   -620  -1298
 -15522   -624  -1248
 -15576   -628  -1320
 -15560   -614  -1272
 -15558   -608  -1270
 -15592   -626  -1308
 -15600   -618  -1232
 -15580   -596  -1294
 -15514   -584  -1298
 -15566   -616  -1290
 -15570   -624  -1268
 -15594   -600  -1264
 -15572   -614  -1304
 -15576   -656  -1278
 -15584   -640  -1276
 -15574   -622  -1268
 -15580   -612  -1294
 -15572   -618  -1276
 -15562   -616  -1302
 -15596   -616  -1312
 -15556   -608  -1274
 -15556   -614  -1300
 -15576   -638  -1264
 -15578   -622  -1284
 -15566   -636  -1240
 -15560   -636  -1278
 -15568   -636  -1330
 -15546   -640  -1280
 -15552   -638  -1262
 -15576   -602  -1306
 -15588   -596  -1280
 -15594   -636  -1292
 -15592   -604  -1318
 -15578   -606  -1246
 -15576   -600  -1304
 -15600   -610  -1300
 -15592   -616  -1292
 -15602   -624  -1278
 -15596   -608  -1258
 -15580   -616  -1284
 -15576   -666  -1274
 -15596   -624  -1294
 -15600   -628  -1280
 -15592   -620  -1230
 -15584   -624  -1272
 -15564   -624  -1264
 -15548   -614  -1258
 -15588   -612  -1258
 -15582   -626  -1278
 -15590   -638  -1218
 -15596   -584  -1250
 -15558   -626  -1288
 -15598   -618  -1318
 -15572   -628  -1302
 -15576   -608  -1260
 -15558   -622  -1300
 -15550   -618  -1314
 -15576   -626  -1290
 -15574   -636  -1344
 -15586   -612  -1284
 -15576   -612  -1238
 -15574   -622  -1300
 -15594   -598  -1282
 -15576   -632  -1276
 -15546   -606  -1276
 -15542   -620  -1284
 -15596   -618  -1284
 -15550   -620  -1236
 -15586   -618  -1292
 -15566   -620  -1296
 -15596   -644  -1254
 -15582   -628  -1250
 -15546   -592  -1292
 -15560   -620  -1296
 -15582   -598  -1250
 -15578   -626  -1272
 -15594   -618  -1256
 -15580   -622  -1276
 -15588   -602  -1298
 -15566   -622  -1310
 -15562   -622  -1274
 -15562   -600  -1312
 -15594   -606  -1270
 -15588   -614  -1268
 -15592   -616  -1278
 -15620   -618  -1312
 -15586   -638  -1278
 -15588   -590  -1280
 -15552   -586  -1322
 -15574   -602  -1254
 -15586   -608  -1298
 -15584   -610  -1274
 -15606   -620  -1270
 -15544   -622  -1268
 -15582   -618  -1282
 -15598   -622  -1342
 -15586   -618  -1280
 -15588   -626  -1278
 -15566   -654  -1270
 -15578   -618  -1288
 -15588   -614  -1342
 -15616   -614  -1286
 -15586   -598  -1266
 -15594   -620  -1316
 -15574   -622  -1290
 -15610   -620  -1302
 -15608   -636  -1326
 -15604   -624  -1258
 -15578   -630  -1270
 -15582   -636  -1336
 -15566   -620  -1304
 -15600   -608  -1304
 -15590   -628  -1282
 -15596   -610  -1266
 -15578   -620  -1250
 -15592   -642  -1294
 -15580   -590  -1270
 -15566   -594  -1288
 -15592   -624  -1350
 -15572   -592  -1290
 -15580   -606  -1296
 -15590   -624  -1296
 -15582   -648  -1316
 -15584   -628  -1294
 -15572   -590  -1286
 -15604   -630  -1268
 -15564   -622  -1290
 -15596   -588  -1296
 -15588   -640  -1310
 -15566   -612  -1304
 -15568   -624  -1290
 -15560   -624  -1286
 -15570   -612  -1314
 -15582   -616  -1292
 -15566   -646  -1288
 -15596   -596  -1322
 -15602   -604  -1286
 -15546   -618  -1268
 -15552   -598  -1266
 -15562   -654  -1274
 -15578   -624  -1288
 -15576   -620  -1268
 -15588   -618  -1274
 -15574   -618  -1306
 -15566   -616  -1322
 -15588   -610  -1286
 -15564   -618  -1304
 -15570   -634  -1282
 -15578   -612  -1282
 -15560   -588  -1248
 -15588   -604  -1256
 -15594   -620  -1254
 -15598   -622  -1314
 -15576   -634  -1268
 -15596   -624  -1252
 -15602   -642  -1246
 -15550   -616  -1240
 -15602   -646  -1324
 -15576   -646  -1276
 -15588   -602  -1248
 -15596   -636  -1300
 -15556   -618  -1256
 -15562   -608  -1290
 -15574   -616  -1310
 -15578   -612  -1288
 -15578   -592  -1322
 -15568   -626  -1236
 -15602   -628  -1352
 -15594   -596  -1274
 -15550   -600  -1322
 -15572   -608  -1286
 -15560   -626  -1272
 -15582   -622  -1306
 -15582   -628  -1310
 -15586   -606  -1252
 -15566   -608  -1258
 -15584   -614  -1302
 -15592   -602  -1280
 -15586   -602  -1294
 -15570   -658  -1288
 -15566   -630  -1310
 -15618   -628  -1332
 -15574   -612  -1256
 -15556   -626  -1260
 -15588   -624  -1268
 -15566   -630  -1282
 -15570   -630  -1326
 -15588   -626  -1286
 -15596   -614  -1270
 -15592   -630  -1262
 -15568   -626  -1294
 -15576   -624  -1288
 -15564   -600  -1256
 -15548   -620  -1226
 -15596   -616  -1290
 -15546   -598  -1270
 -15588   -628  -1284
 -15556   -626  -1296
 -15602   -618  -1306
 -15576   -604  -1286
 -15592   -584  -1266
 -15572   -636  -1332
 -15594   -620  -1220
 -15572   -610  -1264
 -15592   -626  -1278
 -15546   -606  -1268
 -15598   -652  -1266
 -15570   -638  -1260
 -15556   -618  -1306
 -15576   -644  -1298
 -15572   -618  -1306
 -15582   -608  -1270
 -15564   -616  -1268
 -15592   -612  -1270
 -15594   -588  -1282
 -15568   -610  -1290
 -15568   -584  -1326
 -15594   -658  -1268
 -15580   -624  -1258
 -15584   -624  -1286
 -15574   -616  -1288
 -15592   -610  -1276
 -15576   -632  -1298
 -15592   -614  -1288
 -15604   -620  -1332
 -15568   -628  -1330
 -15552   -612  -1320
 -15566   -596  -1268
 -15584   -650  -1238
 -15578   -632  -1256
 -15582   -608  -1310
 -15598   -640  -1318
 -15584   -626  -1290
 -15608   -640  -1278
 -15586   -624  -1288
 -15588   -642  -1266
 -15574   -632  -1308
 -15580   -624  -1346
 -15576   -616  -1274
 -15584   -628  -1260
 -15596   -634  -1282
 -15598   -618  -1262
 -15588   -628  -1304
 -15600   -642  -1266
 -15582   -592  -1290
 -15560   -610  -1300
 -15572   -642  -1290
 -15582   -630  -1294
 -15590   -622  -1330
 -15604   -610  -1258
 -15580   -616  -1314
 -15586   -612  -1298
 -15594   -624  -1290
 -15588   -606  -1298
 -15576   -632  -1308
 -15556   -640  -1278
 -15574   -614  -1316
 -15588   -616  -1268
 -15568   -616  -1268
 -15586   -638  -1308
 -15568   -604  -1278
 -15564   -616  -1268
 -15606   -620  -1264
 -15560   -638  -1294
 -15570   -624  -1296
 -15596   -612  -1322
 -15580   -632  -1320
 -15570   -606  -1294
 -15590   -608  -1298
 -15584   -616  -1258
 -15588   -620  -1298
 -15602   -618  -1294
 -15570   -628  -1276
 -15582   -606  -1266
 -15556   -606  -1294
 -15568   -608  -1284
 -15584   -592  -1296
 -15580   -578  -1248
 -15588   -638  -1230
 -15566   -602  -1270
 -15604   -624  -1252
 -15602   -644  -1290
 -15578   -618  -1278
 -15534   -606  -1236
 -15588   -620  -1282
 -15570   -604  -1294
 -15578   -638  -1284
 -15576   -598  -1352
 -15548   -606  -1272
 -15580   -604  -1298
 -15600   -646  -1282
 -15598   -664  -1288
 -15598   -626  -1254
 -15558   -608  -1270
 -15578   -598  -1262
 -15618   -606  -1254
 -15560   -602  -1242
 -15568   -614  -1294
 -15596   -588  -1262
 -15570   -630  -1272
 -15572   -624  -1270
 -15606   -598  -1274
 -15584   -632  -1274
 -15586   -638  -1298
 -15584   -658  -1266
 -15594   -608  -1302
 -15574   -642  -1314
 -15572   -618  -1314
 -15588   -630  -1296
 -15564   -636  -1310
 -15562   -622  -1320
 -15570   -616  -1280
 -15574   -628  -1268
 -15570   -612  -1254
 -15594   -626  -1270
 -15538   -640  -1294
 -15560   -598  -1268
 -15562   -618  -1280
 -15596   -626  -1270
 -15584   -632  -1322
 -15592   -620  -1286
 -15574   -618  -1278
 -15544   -612  -1290
 -15588   -640  -1284
 -15584   -624  -1238
 -15594   -628  -1250
 -15548   -612  -1270
 -15552   -620  -1288
 -15582   -618  -1270
 -15610   -636  -1280
 -15552   -622  -1278
 -15564   -598  -1254
 -15580   -610  -1336
 -15564   -598  -1274
 -15558   -606  -1288
 -15590   -618  -1344
 -15580   -610  -1268
 -15592   -600  -1308
 -15544   -604  -1280
 -15600   -610  -1292
 -15598   -602  -1278
 -15592   -608  -1288
 -15566   -612  -1302
 -15560   -602  -1322
 -15568   -634  -1268
 -15552   -618  -1322
 -15578   -620  -1326
 -15610   -604  -1270
 -15584   -644  -1314
 -15580   -630  -1296
 -15608   -636  -1266
 -15594   -630  -1282
 -15580   -594  -1284
 -15572   -614  -1266
 -15552   -604  -1338
 -15604   -578  -1294
 -15570   -622  -1320
 -15584   -644  -1310
 -15596   -602  -1282
 -15614   -620  -1262
 -15560   -590  -1282
 -15574   -634  -1320
 -15576   -664  -1258
 -15578   -660  -1298
 -15558   -634  -1278
 -15578   -642  -1304
 -15572   -634  -1280
 -15538   -608  -1292
 -15564   -584  -1306
 -15562   -586  -1272
 -15550   -616  -1264
 -15584   -644  -1330
 -15576   -636  -1308
 -15592   -616  -1340
 -15588   -590  -1302
 -15596   -610  -1294
 -15604   -634  -1268
 -15572   -616  -1260
 -15586   -604  -1244
 -15590   -616  -1322
 -15582   -614  -1272
 -15550   -606  -1268
 -15564   -624  -1282
 -15580   -616  -1286
 -15588   -610  -1310
 -15574   -614  -1302
 -15580   -620  -1334
 -15578   -604  -1298
 -15600   -604  -1250
 -15558   -626  -1268
 -15574   -606  -1296
 -15598   -624  -1286
 -15568   -620  -1276
 -15592   -616  -1282
 -15560   -608  -1256
 -15566   -582  -1290
 -15558   -620  -1278
 -15558   -636  -1238
 -15568   -650  -1278
 -15594   -626  -1320
 -15590   -598  -1280
 -15576   -610  -1264
 -15568   -584  -1266
 -15544   -602  -1302
 -15574   -594  -1290
 -15550   -644  -1302
 -15582   -600  -1302
 -15562   -608  -1284
 -15598   -616  -1290
 -15602   -608  -1274
 -15580   -622  -1288
 -15574   -636  -1250
 -15564   -596  -1280
 -15580   -624  -1258
 -15568   -634  -1256
 -15612   -612  -1294
 -15586   -646  -1220
 -15562   -600  -1296
 -15568   -610  -1292
 -15580   -628  -1234
 -15618   -614  -1282
 -15586   -630  -1298
 -15558   -628  -1284
 -15558   -596  -1288
 -15548   -646  -1286
 -15562   -612  -1296
 -15568   -638  -1256
 -15576   -630  -1282
 -15570   -636  -1288
 -15554   -604  -1288
 -15580   -628  -1274
 -15572   -632  -1262
 -15586   -612  -1296
 -15582   -626  -1314
 -15596   -638  -1284
 -15592   -646  -1286
 -15574   -590  -1302
 -15570   -610  -1288
 -15574   -644  -1262
 -15602   -616  -1304
 -15572   -626  -1316
 -15568   -610  -1284
 -15586   -628  -1328
 -15600   -624  -1270
 -15586   -638  -1276
 -15588   -612  -1292
 -15598   -604  -1304
 -15572   -604  -1274
 -15570   -614  -1260
 -15566   -612  -1258
 -15582   -650  -1278
 -15574   -620  -1328
 -15576   -614  -1276
 -15608   -626  -1254
 -15566   -600  -1250
 -15552   -608  -1302
 -15546   -628  -1264
 -15590   -606  -1322
 -15612   -592  -1250
 -15594   -628  -1226
 -15570   -606  -1294
 -15608   -612  -1306
 -15614   -638  -1312
 -15578   -628  -1270
 -15550   -600  -1308
 -15582   -604  -1264
 -15564   -648  -1254
 -15566   -624  -1236
 -15578   -618  -1304
 -15578   -614  -1270
 -15584   -656  -1272
 -15574   -584  -1278
 -15592   -638  -1240
 -15580   -600  -1312
 -15588   -626  -1292
 -15562   -620  -1262
 -15582   -614  -1278
 -15582   -612  -1298
 -15566   -632  -1294
 -15572   -604  -1260
 -15570   -632  -1234
 -15566   -602  -1268
 -15610   -614  -1262
 -15594   -630  -1294
 -15542   -628  -1280
 -15582   -634  -1314
 -15570   -608  -1298
 -15572   -574  -1264
 -15566   -594  -1296
 -15586   -626  -1272
 -15590   -628  -1252
 -15572   -640  -1264
 -15554   -638  -1254
 -15606   -640  -1264
 -15588   -628  -1266
 -15584   -612  -1314
 -15574   -636  -1290
 -15568   -620  -1320
 -15548   -614  -1280
 -15566   -604  -1286
 -15566   -626  -1282
 -15560   -632  -1280
 -15578   -578  -1272
 -15558   -600  -1346
 -15584   -636  -1274
 -15610   -624  -1292
 -15550   -602  -1256
 -15584   -590  -1254
 -15588   -666  -1312
 -15566   -626  -1282
 -15574   -616  -1278
 -15582   -618  -1300
 -15544   -616  -1278
 -15566   -592  -1276
 -15594   -600  -1292
 -15558   -594  -1254
 -15588   -626  -1306
 -15552   -630  -1290
 -15568   -622  -1286
 -15592   -608  -1298
 -15556   -622  -1254
 -15594   -626  -1302
 -15564   -614  -1346
 -15588   -650  -1278
 -15566   -608  -1308
 -15596   -624  -1308
 -15574   -618  -1300
 -15552   -600  -1278
 -15588   -612  -1286
 -15558   -624  -1262
 -15562   -656  -1286
 -15572   -652  -1296
 -15592   -626  -1236
 -15580   -618  -1270
 -15558   -634  -1296
 -15564   -622  -1260
 -15548   -606  -1224
 -15578   -632  -1280
 -15568   -628  -1314
 -15584   -612  -1286
 -15568   -614  -1300
 -15584   -598  -1308
 -15566   -614  -1314
 -15590   -632  -1306
 -15596   -634  -1292
 -15590   -646  -1256
 -15568   -632  -1236
 -15590   -634  -1278
 -15564   -640  -1306
 -15560   -630  -1274
 -15580   -622  -1234
 -15562   -642  -1252
 -15584   -592  -1242
 -15590   -610  -1234
 -15576   -610  -1310
 -15560   -600  -1228
 -15570   -630  -1246
 -15572   -626  -1324
 -15568   -586  -1266
 -15582   -636  -1258
 -15562   -580  -1326
 -15582   -612  -1304
 -15578   -604  -1250
 -15574   -614  -1268
 -15562   -620  -1298
 -15592   -616  -1288
 -15568   -602  -1302
 -15598   -602  -1304
 -15592   -616  -1256
 -15574   -668  -1332
 -15566   -642  -1302
 -15568   -622  -1246
 -15584   -642  -1282
 -15608   -608  -1288
 -15572   -616  -1284
 -15598   -630  -1328
 -15566   -612  -1308
 -15538   -612  -1326
 -15564   -632  -1320
 -15590   -618  -1330
 -15564   -614  -1314
 -15586   -600  -129