    720  15956  -1696
    702  15936  -1724
    724  15978  -1668
    730  15988  -1660
    704  15934  -1688
    714  15964  -1636
    740  15966  -1676
    744  15934  -1652
    722  15938  -1654
    738  15952  -1710
    738  15940  -1662
    722  15984  -1700
    716  15936  -1654
    678  15844  -1688
    710  15926  -1648
    748  15942  -1662
    742  15966  -1674
    744  15966  -1674
    730  15974  -1688
    730  15938  -1686
    712  15936  -1690
    720  15952  -1706
    710  15962  -1702
    694  15954  -1652
    694  15952  -1694
    716  15928  -1656
    684  15940  -1662
    732  15928  -1656
    756  15916  -1684
    728  15984  -1672
    684  15944  -1660
    712  15944  -1642
    724  15956  -1670
    716  15950  -1642
    766  15958  -1722
    710  15932  -1722
    712  15918  -1714
    718  15958  -1662
    714  15960  -1678
    752  15974  -1672
    718  15946  -1716
    714  15968  -1662
    714  15938  -1690
    682  15980  -1656
    738  15954  -1676
    732  15934  -1714
    710  15928  -1712
    694  15964  -1690
    698  15946  -1632
    724  15940  -1700
    718  15970  -1704
    724  15978  -1668
    712  15924  -1650
    692  15934  -1682
    704  15952  -1630
    738  15932  -1658
    726  15926  -1660
    730  15954  -1698
    702  15962  -1676
    706  15928  -1666
    712  15954  -1730
    722  15974  -1690
    752  15940  -1692
    740  15966  -1674
    720  15958  -1672
    698  15972  -1658
    718  15976  -1670
    686  15952  -1712
    706  15966  -1696
    736  15944  -1684
    722  15954  -1656
    706  15958  -1674
    706  15934  -1658
    708  15950  -1672
    734  15928  -1678
    706  15948  -1670
    728  15954  -1706
    710  15952  -1726
    706  15934  -1658
    718  15960  -1628
    714  15944  -1692
    724  15936  -1670
    694  15938  -1748
    714  15946  -1736
    718  15970  -1666
    704  15930  -1668
    674  15974  -1704
    698  15950  -1684
    708  15936  -1688
    726  15968  -1632
    752  15958  -1644
    702  15946  -1684
    710  15958  -1696
    762  15948  -1660
    742  15948  -1700
    708  15950  -1652
    720  15918  -1620
    686  15956  -1666
    704  15982  -1678
    710  15952  -1654
    754  15964  -1652
    738  15936  -1684
    712  15934  -1650
    716  15936  -1676
    714  15976  -1690
    724  15978  -1682
    728  15938  -1678
    720  15946  -1664
    718  15948  -1688
    684  15954  -1666
    714  15970  -1688
    734  15980  -1684
    734  15936  -1682
    696  15986  -1660
    716  15922  -1708
    740  15954  -1742
    726  15990  -1674
    710  15942  -1664
    720  15944  -1684
    730  15998  -1722
    722  15930  -1708
    692  15958  -1686
    754  15958  -1640
    692  15944  -1664
    744  15966  -1678
    710  15944  -1678
    690  15946  -1628
    714  15972  -1656
    754  15948  -1676
    746  15962  -1690
    708  15940  -1680
    692  15954  -1706
    720  15980  -1674
    722  15986  -1702
    712  15958  -1654
    754  15970  -1694
    742  15950  -1662
    710  15942  -1704
    694  15960  -1706
    684  15926  -1670
    696  15956  -1696
    702  15988  -1694
    670  15914  -1634
    714  15946  -1654
    734  15978  -1668
    702  15948  -1682
    718  15956  -1666
    730  15964  -1718
    728  15924  -1710
    716  15926  -1710
    710  15938  -1650
    710  15952  -1680
    722  15948  -1668
    736  15964  -1692
    708  15956  -1674
    674  15962  -1652
    712  15948  -1674
    680  15934  -1666
    728  15974  -1680
    708  15926  -1674
    718  15958  -1664
    694  15982  -1660
    738  15936  -1636
    726  15958  -1698
    748  15938  -1660
    736  15954  -1664
    720  15944  -1678
    708  15956  -1666
    734  15926  -1658
    694  15926  -1678
    712  15964  -1712
    710  15950  -1694
    708  15928  -1704
    698  15924  -1626
    698  15928  -1700
    706  15918  -1660
    686  15956  -1660
    720  15928  -1680
    712  15950  -1706
    720  15934  -1724
    702  15910  -1666
    706  15952  -1644
    704  15906  -1668
    730  15986  -1700
    740  15994  -1650
    752  15940  -1700
    700  15954  -1670
    750  15956  -1662
    748  15926  -1636
    732  15964  -1666
    720  15944  -1606
    688  15948  -1714
    706  15962  -1660
    702  15948  -1740
    710  15938  -1700
    712  15936  -1650
    718  15952  -1680
    720  15946  -1674
    710  15948  -1672
    712  15942  -1670
    696  15954  -1674
    756  15944  -1692
    732  15982  -1704
    718  15950  -1642
    720  15906  -1770
    744  15966  -1644
    708  15966  -1700
    716  15942  -1702
    710  15946  -1672
    708  15924  -1640
    700  15930  -1652
    740  15956  -1676
    740  15976  -1736
    706  15958  -1680
    684  15980  -1650
    690  15952  -1674
    718  15952  -1678
    734  15946  -1716
    710  15984  -1678
    736  15954  -1676
    736  15950  -1700
    716  15952  -1688
    738  15952  -1638
    710  15956  -1660
    678  15952  -1684
    738  15972  -1682
    700  15900  -1674
    712  15954  -1670
    688  15920  -1660
    696  15912  -1698
    718  15976  -1682
    706  15934  -1674
    708  15914  -1696
    714  15932  -1710
    720  15920  -1680
    718  15976  -1650
    748  15934  -1706
    728  15942  -1662
    716  15966  -1662
    718  15952  -1650
    696  15946  -1678
    714  15944  -1634
    706  15960  -1686
    730  15960  -1690
    750  15972  -1706
    720  15968  -1672
    710  15960  -1702
    722  15934  -1688
    732  15940  -1712
    698  15982  -1712
    732  15928  -1724
    708  15928  -1706
    704  15934  -1700
    700  15928  -1670
    714  15966  -1676
    718  15946  -1682
    708  15958  -1672
    718  15938  -1658
    696  15920  -1628
    708  15938  -1708
    706  15938  -1708
    702  15956  -1682
    712  15952  -1688
    720  15950  -1666
    704  15930  -1674
    748  15960  -1672
    726  15950  -1724
    724  15964  -1680
    722  15926  -1694
    718  15954  -1664
    712  15940  -1678
    690  15958  -1718
    732  15966  -1696
    710  15952  -1688
    724  15958  -1670
    760  15964  -1714
    732  15962  -1696
    704  15908  -1688
    694  15946  -1732
    714  15928  -1706
    718  15960  -1710
    728  15952  -1704
    734  15924  -1672
    702  15966  -1656
    700  15952  -1712
    716  15966  -1698
    746  15946  -1634
    730  15948  -1652
    706  15958  -1658
    716  15968  -1674
    712  15958  -1712
    730  15950  -1702
    714  15912  -1694
    748  15960  -1704
    736  15976  -1676
    762  15970  -1706
    710  15934  -1692
    710  15956  -1688
    750  15964  -1676
    730  15932  -1674
    750  15952  -1710
    722  15932  -1658
    740  15940  -1692
    726  15950  -1678
    716  15944  -1688
    724  15978  -1650
    730  15956  -1682
    740  15958  -1674
    708  15964  -1660
    724  15940  -1708
    700  15964  -1714
    746  15956  -1690
    696  15962  -1702
    736  15924  -1710
    712  15928  -1672
    720  15950  -1718
    690  15952  -1648
    754  15944  -1708
    724  15940  -1678
    692  15930  -1672
    700  15954  -1686
    694  15952  -1650
    712  15940  -1680
    764  15956  -1646
    708  15938  -1698
    710  15954  -1660
    706  15946  -1680
    714  15944  -1730
    724  15960  -1702
    700  15960  -1668
    706  15932  -1654
    730  15962  -1638
    742  15952  -1686
    716  15960  -1690
    740  15964  -1696
    712  15918  -1684
    696  15932  -1708
    752  15964  -1640
    716  15952  -1680
    700  15946  -1670
    736  15962  -1684
    736  15928  -1682
    712  15958  -1646
    722  15962  -1628
    738  15932  -1700
    728  15950  -1724
    740  15950  -1682
    718  15950  -1670
    722  15980  -1700
    738  15926  -1652
    732  15944  -1680
    728  15976  -1648
    728  15960  -1644
    720  15962  -1642
    724  15940  -1686
    724  15946  -1724
    694  15978  -1682
    752  15972  -1702
    700  15964  -1716
    708  15958  -1692
    710  15938  -1696
    708  15928  -1690
    736  15950  -1684
    752  15944  -1710
    714  15932  -1666
    718  15942  -1672
    704  15956  -1696
    726  15954  -1646
    730  15946  -1716
    714  15944  -1696
    736  15932  -1666
    738  15926  -1696
    752  15958  -1700
    684  15964  -1658
    724  15918  -1682
    734  15954  -1642
    746  15948  -1648
    740  15966  -1730
    742  15944  -1704
    736  15970  -1682
    704  15926  -1716
    730  15922  -1688
    720  15950  -1652
    698  15960  -1698
    740  15950  -1656
    732  15958  -1622
    696  15958  -1680
    714  15960  -1670
    730  15934  -1704
    716  15958  -1710
    732  15932  -1658
    732  15940  -1670
    750  15936  -1676
    742  15974  -1676
    722  15980  -1700
    724  15948  -1668
    706  15972  -1668
    710  15960  -1684
    720  15954  -1692
    740  15944  -1716
    722  15984  -1676
    740  15926  -1686
    728  15940  -1676
    676  15964  -1684
    720  15970  -1674
    714  15908  -1638
    744  15952  -1634
    740  15938  -1674
    734  15944  -1716
    694  15958  -1658
    734  15930  -1680
    734  15940  -1646
    732  15948  -1678
    730  15938  -1682
    710  15922  -1706
    722  15936  -1652
    728  15946  -1684
    744  15944  -1634
    720  15962  -1676
    722  15952  -1708
    694  15952  -1708
    736  15966  -1666
    716  15950  -1688
    710  15942  -1666
    712  15968  -1674
    728  15962  -1696
    716  15938  -1704
    712  15944  -1656
    686  15944  -1700
    698  15978  -1658
    698  15966  -1640
    682  15962  -1616
    730  15958  -1668
    696  15942  -1602
    700  15976  -1682
    714  15956  -1720
    726  15942  -1692
    718  15956  -1734
    738  15954  -1672
    718  15972  -1670
    720  15946  -1702
    726  15946  -1660
    712  15954  -1682
    716  15928  -1638
    722  15956  -1700
    744  15982  -1656
    698  15968  -1718
    736  15954  -1652
    740  15946  -1668
    740  15972  -1688
    716  15970  -1682
    700  15944  -1680
    724  15988  -1684
    710  15934  -1678
    708  15950  -1624
    750  15946  -1660
    722  15934  -1698
    698  15942  -1690
    744  15954  -1694
    722  15956  -1694
    704  15944  -1676
    740  15928  -1704
    742  15936  -1700
    710  15908  -1654
    724  15946  -1630
    698  15942  -1672
    700  15924  -1690
    724  15962  -1704
    728  15938  -1714
    728  15942  -1626
    728  15944  -1650
    694  15918  -1676
    738  15936  -1712
    722  15948  -1690
    730  15960  -1718
    742  15974  -1720
    708  15938  -1722
    716  15942  -1664
    716  15942  -1654
    728  15952  -1666
    702  15970  -1704
    708  15960  -1642
    750  15960  -1692
    688  15954  -1698
    706  15984  -1686
    718  15950  -1704
    710  15960  -1700
    752  15932  -1684
    708  15946  -1692
    714  15960  -1688
    722  15920  -1664
    748  15978  -1642
    706  15928  -1686
    726  15924  -1700
    700  15976  -1674
    766  15942  -1688
    724  15966  -1706
    682  15928  -1684
    718  15960  -1700
    696  15928  -1668
    704  15950  -1690
    716  15944  -1712
    708  15970  -1700
    742  15922  -1698
    714  15940  -1692
    742  15938  -1680
    736  15918  -1688
    732  15942  -1682
    732  15976  -1664
    702  15946  -1666
    738  15940  -1710
    732  15954  -1702
    734  15942  -1684
    734  15948  -1686
    712  15940  -1696
    740  15964  -1702
    738  15966  -1714
    696  15918  -1656
    698  15940  -1686
    740  15944  -1668
    750  15966  -1694
    688  15944  -1666
    692  15984  -1678
    706  15958  -1708
    712  15956  -1708
    724  15950  -1694
    730  15918  -1618
    730  15950  -1690
    702  15968  -1690
    720  15940  -1670
    726  15954  -1686
    702  15930  -1676
    708  15962  -1676
    716  15964  -1658
    740  15978  -1648
    712  15962  -1686
    716  15962  -1728
    738  15938  -1664
    714  15954  -1724
    748  15942  -1636
    744  15942  -1690
    690  15972  -1642
    726  15938  -1676
    686  15948  -1676
    690  15928  -1688
    718  15932  -1666
    724  15956  -1710
    736  15944  -1708
    730  15940  -1740
    714  15932  -1688
    738  15982  -1656
    702  15934  -1654
    730  15930  -1674
    712  15982  -1720
    718  15982  -1652
    728  15958  -1660
    736  15958  -1676
    736  15936  -1638
    746  15978  -1666
    742  15944  -1690
    720  15922  -1682
    736  15922  -1686
    714  15950  -1676
    710  15936  -1690
    722  15938  -1700
    710  15964  -1706
    718  15956  -1676
    726  15964  -1684
    716  15954  -1684
    682  15942  -1680
    716  15924  -1700
    714  15928  -1666
    694  15970  -1714
    698  15938  -1680
    702  15948  -1710
    724  15926  -1676
    694  15976  -1678
    708  15924  -1696
    688  15942  -1678
    722  15950  -1650
    734  15936  -1680
    698  15962  -1672
    736  15956  -1682
    714  15940  -1700
    752  15964  -1662
    742  15964  -1658
    714  15926  -1744
    722  15934  -1666
    736  15916  -1650
    744  15946  -1694
    714  15944  -1694
    732  15986  -1730
    724  15950  -1710
    720  15928  -1714
    700  15916  -1668
    712  15956  -1668
    744  15962  -1696
    726  15960  -1684
    742  15946  -1670
    706  15960  -1668
    706  15940  -1690
    746  15950  -1674
    728  15948  -1704
    714  15944  -1678
    714  15954  -1712
    686  15964  -1726
    702  15970  -1682
    704  15940  -1688
    700  15934  -1690
    720  15952  -1690
    704  15936  -1646
    710  15976  -1648
    712  15942  -1646
    738  15934  -1704
    722  15956  -1710
    714  15952  -1662
    710  15942  -1672
    712  15958  -1648
    688  15940  -1714
    704  15944  -1698
    686  15940  -1662
    692  15960  -1670
    710  15960  -1708
    730  15946  -1712
    748  15970  -1652
    714  15970  -1654
    710  15958  -1676
    746  15936  -1642
    720  15950  -1684
    718  15966  -1692
    716  15964  -1716
    734  15946  -1700
    710  15944  -1662
    726  15946  -1678
    712  15942  -1676
    768  15954  -1632
    718  15960  -1690
    740  15932  -1744
    730  15942  -1686
    682  15950  -1694
    714  15948  -1694
    744  15938  -1688
    698  15962  -1668
    730  15956  -1684
    706  15960  -1720
    692  15948  -1654
    700  15972  -1706
    732  15962  -1700
    710  15914  -1704
    712  15946  -1696
    692  15948  -1712
    710  15972  -1698
    714  15932  -1714
    708  15930  -1668
    708  15958  -1702
    738  15922  -1654
    706  15964  -1734
    702  15952  -1690
    704  15966  -1642
    718  15976  -1734
    722  15952  -1696
    740  15974  -1748
    732  15954  -1718
    742  15972  -1732
    750  15926  -1666
    716  15936  -1720
    740  15924  -1698
    752  15950  -1696
    708  15968  -1680
    708  15966  -1700
    706  15954  -1698
    736  15948  -1696
    706  15968  -1648
    730  15934  -1710
    690  15954  -1676
    732  15986  -1702
    734  15962  -1682
    710  15948  -1712
    712  15956  -1694
    732  15952  -1734
    734  15956  -1676
    712  15960  -1680
    694  15962  -1624
    698  15940  -1676
    686  15980  -1706
    710  15952  -1652
    702  15966  -1586
    730  15934  -1662
    730  15948  -1704
    706  15952  -1722
    724  15928  -1706
    708  15944  -1646
    698  15962  -1680
    720  15950  -1696
    744  15982  -1666
    712  15962  -1722
    724  15936  -1692
    694  15952  -1666
    726  15944  -1672
    706  15930  -1654
    720  15972  -1684
    686  15964  -1692
    682  15952  -1662
    718  15952  -1664
    720  15960  -1692
    758  15946  -1658
    724  15950  -1648
    706  15968  -1650
    698  15964  -1686
    728  15952  -1632
    732  15958  -1678
    720  15986  -1662
    706  15938  -1676
    696  15928  -1702
    722  15976  -1664
    714  15942  -1620
    718  15960  -1686
    722  15936  -1690
    706  15928  -1686
    744  15960  -1690
    736  15952  -1704
    734  15940  -1694
    714  15936  -1674
    720  15980  -1650
    744  15962  -1664
    728  15978  -1638
    694  15960  -1668
    662  15936  -1650
    746  15936  -1724
    712  15962  -1682
    728  15962  -1690
    734  15928  -1678
    740  15962  -1674
    716  15954  -1686
    720  15930  -1684
    718  15940  -1704
    720  15964  -1692
    700  15938  -1700
    760  15958  -1706
    734  15956  -1644
    732  15982  -1678
    732  15948  -1748
    734  15958  -1662
    716  15932  -1638
    726  15926  -1662
    734  15938  -1688
    738  15954  -1652
    744  15934  -1698
    720  15950  -1716
    716  15938  -1672
    726  15952  -1694
    706  15934  -1666
    728  15948  -1718
    712  15962  -1658
    702  15930  -1682
    686  15946  -1706
    718  15950  -1680
    716  15954  -1688
    720  15950  -1688
    732  15936  -1706
    712  15952  -1724
    724  15966  -1678
    742  15956  -1656
    692  15968  -1714
    708  15918  -1680
    672  15988  -1658
    728  15980  -1692
    720  15950  -1698
    712  15940  -1666
    706  15962  -1664
    716  15926  -1672
    722  15950  -1688
    710  15952  -1656
    702  15946  -1682
    704  15936  -1680
    720  15944  -1672
    720  15946  -1694
    728  15962  -1722
    714  15944  -1680
    708  15938  -1690
    694  15942  -1688
    702  15966  -1692
    706  15954  -1700
    706  15970  -1676
    720  15944  -1704
    704  15940  -1654
    742  15948  -1726
    686  15934  -1672
    702  15940  -1698
    734  15972  -1694
    722  15948  -1654
    706  15956  -1644
    696  15962  -1684
    732  15952  -1656
    714  15928  -1690
    704  15938  -1638
    718  15966  -1662
    716  15940  -1664
    732  15930  -1702
    718  15958  -1712
    680  15930  -1700
    728  15946  -1680
    690  15944  -1702
    700  15920  -1696
    706  15956  -1660
    708  15914  -1648
    726  15936  -1652
    712  15934  -1666
    728  15954  -1686
    710  15966  -1658
    728  15942  -1690
    726  15940  -1666
    710  15960  -1666
    736  15958  -1672
    718  15964  -1682
    688  15956  -1692
    732  15938  -1686
    718  15948  -1648
    730  15954  -1686
    710  15938  -1660
    700  15946  -1672
    728  15954  -1702
    734  15976  -1644
    714  15948  -1678
    722  15950  -1680
    750  15938  -1656
    728  15936  -1646
    722  15970  -1716
    752  15924  -1672
    722  15958  -1684
    738  15936  -1704
    736  15962  -1730
    750  15972  -1654
    718  15950  -1704
    734  15944  -1716
    692  15936  -1708
    694  15976  -1684
    716  15984  -1698
    694  15960  -1680
    736  15918  -1674
    702  15934  -1668
    726  15932  -1720
    720  15942  -1692
    712  15942  -1712
    736  15934  -1672
    698  15920  -1722
    716  15938  -1634
    710  15936  -1678
    748  15956  -1680
    742  15974  -1658
    752  15966  -1682
    670  15942  -1720
    710  15950  -1656
    730  15966  -1678
    716  15962  -1696
    718  15970  -1698
    730  15944  -1698
    716  15918  -1716
    682  15930  -1720
    732  15948  -1682
    716  15952  -1646
    718  15952  -1756
    728  15970  -1662
    732  15948  -1702
    736  15962  -1682
    724  15952  -1664
    702  15938  -1698
    736  15960  -1668
    726  15962  -1704
    746  15952  -1682
    728  15948  -1648
    708  15948  -1680
    728  15956  -1662
    704  15932  -1658
    712  15934  -1718
    722  15952  -1674
    720  15952  -1738
    700  15964  -1710
    712  15938  -1670
    748  15916  -1628
    726  15958  -1674
    696  15946  -1682
    760  15936  -1676
    706  15948  -1648
    728  15952  -1690
    732  15972  -1710
    740  15978  -1674
    712  15984  -1668
    708  15970  -1608
    742  15944  -1710
    726  15938  -1660
    708  15952  -1654
    718  15954  -1662
    738  15952  -1682
    716  15928  -1680
    698  15932  -1722
    702  15922  -1648
    706  15932  -1634
    724  15966  -1672
    716  15940  -1702
    708  15930  -1702
    716  15952  -1696
    704  15914  -1698
    738  15948  -1660
    722  15944  -1714
    718  15966  -1684
    710  15950  -1686
    710  15952  -1732
    758  15978  -1732
    712  15928  -1650
    742  15950  -1648
    720  15958  -1658
    712  15948  -1722
    718  15942  -1664
    722  15952  -1652
    694  15960  -1682
    724  15938  -1654
    716  15942  -1718
    716  15932  -1666
    714  15942  -1714
    728  15968  -1678
    730  15952  -1660
    726  15938  -1692
    726  15930  -1690
    724  15950  -1684
    706  15946  -1650
    708  15954  -1710
    730  15944  -1738
    716  15936  -1728
    710  15972  -1702
    720  15940  -1722
    738  15956  -1668
    692  15934  -1694
    714  15950  -1676
    748  15960  -1694
    714  15966  -1712
    748  15926  -1718
    692  15958  -1644
    696  15928  -1664
    740  15966  -1714
    704  15936  -1620
    702  15954  -1664
    726  15964  -1680
    708  15946  -1680
    708  15956  -1700
    730  15958  -1680
    722  15944  -1658
    702  15954  -1702
    758  15962  -1694
    692  15956  -1628
    730  15956  -1640
    714  15978  -1736
    734  15948  -1674
    730  15956  -1684
    712  15932  -1674
    716  15948  -1722
    744  15950  -1660
    730  15962  -1698
    756  15968  -1644
    736  15946  -1690
    710  15924  -1650
    730  15940  -1658
    694  15946  -1646
    740  15960  -1664
    692  15950  -1658
    696  15930  -1680
    718  15942  -1710
    720  15926  -1678
    756  15968  -1668
    710  15960  -1710
    754  15950  -1646
    698  15954  -1654
    726  15958  -1636
    720  15946  -1660
    722  15948  -1658
    702  15958  -1698
    710  15950  -1636
    744  15958  -1650
    726  15924  -1666
    724  15958  -1706
    688  15948  -1668
    718  15942  -1722
    716  15954  -1684
    720  15934  -1672
    696  15934  -1676
    716  15950  -1686
    716  15934  -1654
    752  15948  -1644
    712  15934  -1690
    718  15938  -1674
    736  15936  -1700
    730  15948  -1694
    726  15958  -1698
    742  15976  -1704
    712  15962  -1640
    688  15948  -1680
    704  15944  -1668
    734  15942  -1652
    716  15972  -1614
    716  15936  -1698
    726  15962  -1656
    708  15970  -1666
    686  15962  -1686
    722  15960  -1664
    708  15948  -1666
    720  15972  -1692
    694  15974  -1704
    718  15942  -1654
    694  15934  -1644
    692  15934  -1690
    706  15916  -1650
    696  15928  -1716
    706  15964  -1702
    720  15944  -1678
    740  15952  -1666
    712  15970  -1730
    710  15952  -1684
    736  15952  -1708
    726  15944  -1670
    724  15958  -1656
    740  15948  -1676
    722  15970  -1710
    698  15962  -1688
    736  15948  -1738
    702  15968  -1638
    700  15958  -1656
    734  15948  -1688
    742  15950  -1706
    718  15970  -1672
    726  15944  -1668
    744  15962  -1676
    692  15964  -1718
    722  15914  -1716
    714  15946  -1678
    748  15954  -1698
    726  15986  -1684
    708  15938  -1674
    698  15944  -1690
    696  15952  -1658
    748  15956  -1700
    724  15938  -1644
    712  15944  -1674
    720  15944  -1636
    734  15958  -1648
    736  15930  -1684
    724  15936  -1680
    714  15952  -1658
    724  15958  -1676
    716  15960  -1710
    742  15924  -1666
    694  15946  -1670
    748  15978  -1684
    714  15948  -1680
    716  15974  -1696
    754  15960  -1682
    710  15964  -1710
    734  15954  -1700
    746  15944  -1680
    714  15930  -1668
    728  15938  -1628
    678  15952  -1654
    696  15942  -1668
    726  15946  -1678
    746  15934  -1694
    728  15948  -1702
    696  15968  -1666
    694  15978  -1664
    748  15938  -1718
    712  15966  -1668
    696  15946  -1644
    724  15952  -1626
    720  15962  -1660
    688  15958  -1702
    710  15958  -1664
    724  15956  -1662
    720  15962  -1670
    740  15976  -1682
    696  15930  -1662
    718  15962  -1688
    730  15962  -1674
    708  15988  -1676
    722  15956  -1732
    688  15952  -1720
    712  15934  -1664
    714  15962  -1674
    716  15936  -1666
    704  15912  -1642
    706  15944  -1686
    734  15982  -1724
    734  15986  -1660
    738  15958  -1666
    730  15982  -1672
    714  15946  -1692
    710  15960  -1664
    714  15936  -1706
    698  15946  -1690
    714  15954  -1704
    716  15950  -1674
    722  15968  -1628
    734  15940  -1672
    692  15958  -1638
    714  15952  -1702
    724  15946  -1722
    706  15948  -1666
    730  15944  -1696
    730  15952  -1690
    740  15944  -1670
    708  15954  -1744
    746  15942  -1692
    694  15942  -1664
    718  15958  -1708
    776  15950  -1662
    710  15952  -1734
    708  15960  -1652
    712  15966  -1716
    768  15944  -1682
    746  15950  -1674
    720  15958  -1676
    732  15960  -1654
    758  15958  -1710
    712  15940  -1656
    752  15952  -1708
    710  15942  -1678
    712  15948  -1696
    734  15948  -1678
    728  15954  -1666
    716  15964  -1686
    708  15980  -1720
    716  15942  -1686
    724  15950  -1708
    742  15924  -1672
    734  15954  -1684
    722  15948  -1686
    692  15960  -1688
    722  15962  -1706
    714  15950  -1658
    734  15950  -1650
    708  15946  -1664
    728  15968  -1722
    738  15962  -1698
    718  15960  -1648
    716  15958  -1710
    712  15966  -1680
    714  15994  -1674
    716  15964  -1648
    724  15958  -1654
    740  15948  -1666
    740  15960  -1664
    712  15936  -1690
    700  15970  -1650
    726  15936  -1694
    712  15958  -1738
    672  15936  -1688
    698  15962  -1676
    720  15978  -1682
    708  15966  -1678
    712  15980  -1682
    696  15960  -1658
    714  15962  -1678
    734  15962  -1664
    736  15956  -1694
    714  15956  -1716
    720  15964  -1664
    702  15952  -1690
    706  15952  -1666
    718  15952  -1674
    708  15966  -1610
    726  15946  -1648
    746  15962  -1676
    744  15952  -1676
    732  15930  -1672
    694  15952  -1702
    746  15938  -1712
    740  15968  -1662
    772  15940  -1700
    716  15924  -1708
    746  15928  -1688
    692  15960  -1698
    724  15922  -1706
    714  15946  -1674
    694  15950  -1668
    718  15952  -1716
    710  15968  -1664
    736  15976  -1634
    746  15970  -1702
    776  15962  -1716
    740  15974  -1674
    742  15958  -1694
    752  15954  -1700
    742  15932  -1694
    704  15934  -1634
    698  15956  -1676
    710  15934  -1700
    750  15958  -1668
    696  15968  -1676
    704  15966  -1638
    680  15958  -1652
    684  15952  -1676
    698  15962  -1638
    738  15940  -1640
    720  15958  -1682
    710  15934  -1714
    720  15916  -1730
    720  15938  -1684
    712  15938  -1656
    698  15978  -1668
    710  15952  -1690
    708  15920  -1704
    728  15946  -1734
    714  15938  -1722
    718  15970  -1746
    708  15960  -1676
    744  15930  -1696
    714  15938  -1660
    716  15956  -1712
    746  15924  -1648
    706  15930  -1696
    722  15950  -1662
    702  15954  -1622
    736  15940  -1686
    712  15966  -1686
    696  15934  -1674
    696  15972  -1648
    702  15958  -1668
    730  15954  -1648
    714  15942  -1684
    730  15940  -1700
    756  15912  -1686
    748  15954  -1724
    730  15936  -1718
    696  15948  -1676
    710  15954  -1692
    712  15952  -1672
    710  15962  -1702
    722  15924  -1688
    732  15930  -1672
    728  15948  -1690
    710  15938  -1672
    736  15930  -1654
    726  15942  -1700
    712  15936  -1706
    728  15944  -1688
    718  15954  -1648
    744  15970  -1628
    728  15938  -1664
    714  15932  -1698
    700  15954  -1680
    740  15920  -1670
    736  15962  -1700
    688  15958  -1678
    722  15938  -1668
    710  15948  -1646
    734  15942  -1662
    718  15972  -1698
    692  15960  -1700
    698  15956  -1684
    692  15952  -1712
    712  15948  -1642
    720  15940  -1722
    712  15936  -1704
    712  15938  -1668
    722  15944  -1678
    728  15956  -1668
    696  15960  -1700
    726  15952  -1706
    718  15958  -1712
    720  15952  -1684
    700  15948  -1686
    724  15956  -1658
    708  15946  -1656
    732  15938  -1676
    734  15944  -1710
    708  15936  -1678
    738  15960  -1698
    730  15966  -1652
    722  15948  -1696
    710  15944  -1684
    726  15934  -1684
    736  15952  -1690
    716  15952  -1688
    716  15958  -1664
    714  15954  -1706
    716  15944  -1680
    730  15944  -1682
    702  15962  -1682
    718  15960  -1684
    726  15930  -1652
    748  15956  -1670
    702  15948  -1682
    716  15968  -1676
    716  15944  -1704
    718  15958  -1682
    698  15964  -1702
    718  15940  -1698
    738  15942  -1682
    758  15950  -1668
    700  15930  -1654
    686  15932  -1696
    698  15944  -1644
    750  15956  -1682
    730  15956  -1692
    740  15962  -1688
    690  15944  -1662
    736  15954  -1674
    690  15940  -1644
    716  15968  -1650
    728  15968  -1666
    728  15978  -1668
    760  15924  -1684
    708  15964  -1682
    708  15958  -1660
    724  15958  -1660
    720  15938  -1690
    736  15956  -1718
    708  15954  -1680
    734  15958  -1686
    708  15938  -1690
    742  15936  -1664
    726  15962  -1682
    702  15950  -1670
    704  15962  -1702
    718  15948  -1692
    752  15958  -1686
    744  15984  -1692
    714  15918  -1682
    724  15940  -1642
    716  15960  -1676
    712  15974  -1696
    722  15936  -1658
    694  15964  -1706
    744  15954  -1682
    724  15952  -1676
    736  15948  -1666
    728  15944  -1670
    728  15944  -1714
    738  15954  -1676
    714  15930  -1656
    734  15968  -1666
    700  15958  -1682
    696  15914  -1676
    720  15942  -1708
    718  15974  -1702
    732  15974  -1714
    716  15976  -1662
    686  15942  -1686
    714  15944  -1730
    724  15964  -1606
    712  15944  -1684
    726  15960  -1660
    718  15982  -1722
    716  15978  -1702
    722  15954  -1662
    722  15956  -1716
    746  15956  -1666
    724  15952  -1676
    702  15948  -1706
    718  15954  -1706
    736  15986  -1680
    734  15982  -1684
    720  15970  -1740
    712  15970  -1694
    724  15922  -1714
    698  15968  -1658
    726  15960  -1648
    704  15970  -1710
    686  15952  -1704
    738  15938  -1646
    716  15932  -1702
    730  15936  -1732
    732  15948  -1694
    716  15950  -1678
    718  15962  -1672
    686  15930  -1698
    704  15942  -1684
    734  15962  -1680
    722  15944  -1668
    740  15932  -1720
    690  15980  -1694
    708  15966  -1644
    692  15962  -1684
    710  15944  -1644
    740  15930  -1626
    712  15960  -1672
    718  15930  -1672
    728  15936  -1648
    702  15960  -1676
    738  15946  -1640
    730  15944  -1686
    736  15966  -1680
    760  15952  -1694
    704  15974  -1674
    724  15954  -1678
    726  15946  -1684
    698  15940  -1692
    718  15928  -1686
    736  15936  -1658
    708  15958  -1652
    730  15972  -1702
    714  15944  -1694
    692  15966  -1706
    714  15928  -1700
    748  15944  -1636
    708  15940  -1692
    724  15944  -1674
    726  15946  -1690
    710  15972  -1670
    730  15956  -1676
    698  15946  -1708
    744  15946  -1696
    746  15956  -1706
    716  15950  -1684
    716  15934  -1662
    720  15924  -1646
    722  15960  -1686
    740  15936  -1718
    716  15934  -1688
    676  15928  -1682
    762  15934  -1672
    760  15940  -1686
    720  15970  -1684
    744  15964  -1678
    720  15950  -1678
    698  15948  -1686
    696  15958  -1698
    730  15932  -1720
    700  15964  -1736
    730  15960  -1722
    706  15912  -1694
    710  15956  -1686
    738  15962  -1714
    734  15976  -1682
    704  15950  -1672
    724  15996  -1680
    702  15968  -1710
    710  15934  -1650
    736  15946  -1664
    746  15948  -1664
    738  15958  -1656
    708  15960  -1702
    718  15976  -1684
    712  15954  -1720
    744  15918  -1688
    748  15970  -1684
    732  15968  -1694
    728  15938  -1664
    700  15938  -1698
    730  15960  -1706
    684  15962  -1658
    726  15942  -1684
    706  15914  -1614
    712  15948  -1690
    694  15940  -1774
    724  15944  -1654
    754  15940  -1658
    698  15958  -1688
    726  15952  -1708
    684  15960  -1674
    692  15934  -1674
    756  15936  -1682
    744  15950  -1674
    706  15972  -1654
    714  15948  -1660
    756  15934  -1672
    688  15934  -1638
    726  15948  -1660
    710  15930  -1690
    722  15940  -1718
    710  15912  -1656
    706  15964  -1688
    718  15944  -1730
    716  15960  -1664
    716  15934  -1696
    716  15952  -1670
    734  15922  -1712
    768  15942  -1722
    750  15948  -1692
    706  15976  -1676
    704  15932  -1670
    714  15988  -1668
    702  15968  -1698
    718  15924  -1656
    704  15938  -1718
    732  15954  -1666
    732  15976  -1704
    732  15948  -1698
    710  15930  -1726
    720  15938  -1654
    736  15960  -1694
    706  15948  -1660
    728  15956  -1726
    746  15954  -1710
    686  15928  -1696
    730  15946  -1688
    700  15952  -1630
    730  15928  -1654
    712  15934  -1690
    718  15944  -1660
    734  15946  -1670
    720  15970  -1698
    706  15936  -1682
    732  15950  -1688
    728  15966  -1616
    726  15964  -1654
    726  15968  -1704
    714  15964  -1694
    716  15924  -1684
    740  15946  -1724
    736  15950  -1670
    720  15942  -1706
    734  15968  -1698
    736  15958  -1674
    714  15952  -1688
    698  15956  -1628
    708  15934  -1646
    692  15906  -1680
    718  15942  -1662
    680  15966  -1684
    736  15974  -1692
    704  15906  -1684
    704  15950  -1648
    724  15970  -1642
    716  15962  -1682
    720  15954  -1702
    724  15954  -1700
    714  15942  -1690
    700  15944  -1684
    726  15946  -1676
    738  15938  -1700
    724  15956  -1694
    680  15946  -1702
    736  15942  -1706
    736  15968  -1720
    722  16002  -1692
    712  15928  -1652
    716  15958  -1680
    706  15954  -1708
    708  15936  -1686
    714  15934  -1694
    720  15944  -1704
    744  15928  -1722
    724  15962  -1706
    706  15932  -1708
    714  15950  -1722
    720  15968  -1680
    692  15914  -1708
    680  15962  -1684
    722  15950  -1666
    698  15952  -1674
    716  15942  -1660
    750  15950  -1670
    758  15958  -1734
    722  15964  -1686
    732  15950  -1660
    744  15942  -1684
    686  15934  -1660
    688  15952  -1650
    744  15938  -1656
    714  15966  -1672
    688  15980  -1656
    700  15926  -1674
    722  15952  -1648
    748  15944  -1684
    716  15940  -1696
    706  15940  -1650
    728  15942  -1654
    726  15966  -1680
    710  15942  -1706
    710  15954  -1710
    704  15958  -1706
    698  15978  -1646
    712  15940  -1666
    694  15952  -1690
    746  15936  -1654
    710  15948  -1690
    728  15948  -1682
    726  15956  -1690
    724  15960  -1684
    732  15918  -1686
    712  15956  -1712
    716  15952  -1696
    696  15930  -1722
    728  15966  -1670
    744  15924  -1702
    710  15960  -1648
    724  15960  -1660
    712  15966  -1684
    724  15958  -1698
    734  15936  -1706
    714  15962  -1668
    730  15976  -1670
    718  15954  -1646
    730  15966  -1700
    750  15980  -1678
    738  15942  -1680
    730  15954  -1672
    708  15926  -1680
    726  15938  -1672
    736  15932  -1688
    732  15948  -1728
    710  15958  -1682
    736  15950  -1634
    736  15952  -1646
    722  15920  -1654
    744  15958  -1652
    754  15942  -1702
    698  15950  -1664
    704  15966  -1702
    714  15952  -1670
    758  15954  -1664
    738  15948  -1674
    710  15940  -1680
    720  15946  -1698
    734  15976  -1694
    708  15950  -1670
    736  15936  -1678
    702  15928  -1658
    740  15954  -1650
    714  15950  -1734
    734  15950  -1678
    754  15948  -1668
    738  15946  -1702
    716  15928  -1702
    698  15958  -1668
    694  15952  -1702
    734  15964  -1686
    726  15946  -1656
    736  15924  -1712
    734  15950  -1682
    700  15918  -1644
    706  15948  -1668
    704  15944  -1686
    722  15938  -1674
    772  15958  -1700
    720  15944  -1712
    698  15942  -1678
    718  15948  -1672
    720  15946  -1656
    726  15944  -1666
    724  15944  -1706
    734  15958  -1640
    716  15964  -1686
    732  15936  -1646
    698  15948  -1698
    738  15958  -1674
    706  15924  -1686
    716  15934  -1662
    722  15936  -1702
    710  15940  -1674
    734  15970  -1662
    728  15962  -1664
    722  15962  -1650
    730  15930  -1668
    732  15940  -1676
    722  15950  -1664
    736  15938  -1664
    730  15942  -1740
    708  15960  -1680
    738  15936  -1648
    700  15952  -1664
    714  15922  -1652
    708  15944  -1670
    712  15924  -1638
    676  15944  -1626
    732  15956  -1664
    722  15918  -1688
    708  15966  -1680
    720  15958  -1692
    736  15930  -1730
    732  15946  -1682
    698  15966  -1656
    748  15922  -1682
    738  15950  -1650
    714  15968  -1628
    722  15982  -1676
    710  15964  -1688
    696  15960  -1684
    690  15950  -1682
    694  15944  -1674
    734  15946  -1660
    700  15928  -1684
    710  15930  -1686
    708  15974  -1688
    722  15960  -1692
    706  15970  -1688
    712  15964  -1696
    700  15970  -1666
    740  15958  -1632
    722  15946  -1650
    734  15976  -1680
    710  15928  -1668
    726  15970  -1640
    724  15952  -1648
    742  15976  -1684
    714  15986  -1694
    702  15974  -1686
    714  15946  -1686
    726  15950  -1692
    732  15934  -1660
    706  15928  -1682
    702  15946  -1680
    706  15942  -1680
    696  15960  -1708
    728  15936  -1648
    696  15938  -1694
    720  15940  -1640
    716  15920  -1716
    704  15970  -1690
    698  15954  -1674
    704  15966  -1668
    746  15948  -1674
    726  15948  -1658
    690  15962  -1660
    726  15928  -1636
    742  15966  -1646
    696  15960  -1688
    698  15912  -1686
    710  15946  -1636
    742  15964  -1694
    686  15928  -1666
    706  15952  -1688
    722  15938  -1720
    726  15946  -1616
    736  15952  -1670
    724  15928  -1670
    714  15954  -1694
    714  15958  -1662
    722  15972  -1662
    714  15950  -1628
    704  15948  -1680
    708  15930  -1654
    698  15962  -1704
    686  15948  -1664
    680  15944  -1660
    716  15950  -1692
    730  15958  -1666
    708  15922  -1648
    724  15930  -1690
    752  15966  -1692
    714  15964  -1652
    746  15958  -1646
    716  15942  -1638
    728  15936  -1678
    722  15946  -1724
    698  15952  -1662
    738  15956  -1680
    710  15932  -1666
    698  15938  -1684
    744  15954  -1720
    704  15962  -1692
    726  15960  -1686
    702  15930  -1668
    714  15960  -1668
    710  15986  -1650
    744  15968  -1684
    736  15962  -1678
    728  15946  -1694
    708  15974  -1712
    722  15972  -1672
    744  15958  -1710
    714  15934  -1696
    710  15904  -1650
    740  15960  -1694
    710  15946  -1696
    718  15952  -1650
    740  15950  -1734
    672  15960  -1694
    750  15970  -1698
    724  15938  -1662
    736  15940  -1628
    746  15938  -1670
    728  15946  -1700
    752  15952  -1724
    728  15950  -1646
    720  15942  -1650
    730  15934  -1652
    730  15926  -1692
    702  15928  -1696
    724  15940  -1684
    680  15938  -1642
    714  15932  -1722
    710  15970  -1720
    728  15948  -1734
    758  15970  -1672
    700  15956  -1710
    704  15934  -1700
    736  15942  -1704
    766  15952  -1644
    714  15908  -1654
    698  15952  -1672
    700  15938  -1666
    738  15966  -1700
    708  15946  -1690
    736  15934  -1632
    718  15964  -1658
    762  15954  -1646
    728  15950  -1696
    736  15950  -1676
    716  15966  -1702
    708  15940  -1684
    718  15966  -1718
    714  15950  -1684
    702  15938  -1678
    722  15938  -1672
    756  15936  -1692
    716  15972  -1736
    688  15944  -1694
    712  15938  -1740
    724  15944  -1670
    720  15954  -1698
    702  15956  -1678
    712  15960  -1640
    692  15934  -1708
    712  15948  -1692
    712  15930  -1676
    716  15942  -1658
    680  15966  -1714
    716  15948  -1708
    706  15974  -1648
    718  15954  -1676
    732  15954  -1694
    702  15948  -1668
    718  15942  -1646
    714  15940  -1688
    710  15954  -1690
    722  15966  -1678
    696  15944  -1688
    734  15944  -1698
    740  15972  -1680
    730  15932  -1712
    744  15974  -1650
    730  15960  -1690
    716  15948  -1714
    714  15918  -1722
    722  15956  -1692
    762  15932  -1698
    718  15966  -1700
    738  15930  -1644
    710  15942  -1654
    712  15966  -1656
    722  15942  -1704
    712  15958  -1698
    748  15960  -1692
    726  15948  -1684
    702  15972  -1660
    708  15942  -1680
    698  15952  -1670
    724  15970  -1630
    718  15972  -1638
    720  15954  -1714
    742  15954  -1678
    744  15928  -1690
    700  15932  -1702
    718  15954  -1650
    742  15940  -1720
    736  15948  -1726
    722  15950  -1670
    728  15960  -1634
    740  15960  -1650
    700  15942  -1662
    744  15956  -1702
    694  15940  -1710
    716  15968  -1708
    730  15958  -1682
    708  15946  -1672
    692  15962  -1668
    690  15966  -1660
    694  15948  -1710
    714  15956  -1696
    730  15948  -1696
    722  15962  -1660
    722  15960  -1640
    756  15930  -1614
    690  15962  -1690
    694  15962  -1658
    680  15928  -1654
    686  15938  -1722
    722  15956  -1654
    702  15950  -1722
    714  15952  -1680
    724  15958  -1684
    684  15946  -1670
    724  15938  -1684
    726  15946  -1642
    734  15950  -1688
    744  15950  -1662
    726  15978  -1664
    688  15946  -1680
    706  15956  -1632
    732  15934  -1686
    720  15962  -1662
    720  15936  -1664
    710  15956  -1694
    706  15944  -1668
    692  15920  -1682
    726  15948  -1682
    734  15936  -1618
    722  15940  -1658
    748  15954  -1692
    714  15948  -1674
    704  15930  -1658
    750  15954  -1676
    718  15974  -1658
    736  15964  -1670
    710  15920  -1710
    714  15936  -1642
    712  15962  -1656
    708  15956  -1684
    698  15980  -1728
    746  15994  -1692
    700  15968  -1664
    684  15932  -1646
    698  15956  -1720
    700  15960  -1668
    724  15930  -1678
    728  15936  -1668
    698  15958  -1674
    738  15968  -1644
    734  15972  -1668
    732  15952  -1634
    738  15970  -1696
    740  15946  -1688
    746  15972  -1678
    724  15952  -1634
    724  15982  -1690
    708  15952  -1706
    710  15982  -1702
    736  15944  -1692
    722  15954  -1700
    730  15956  -1654
    730  15952  -1718
    726  15924  -1714
    726  15928  -1682
    702  15948  -1686
    730  15964  -1666
    686  15934  -1650
    696  15966  -1684
    710  15952  -1658
    716  15944  -1746
    710  15948  -1710
    738  15966  -1670
    714  15946  -1686
    732  15964  -1668
    728  15962  -1710
    710  15924  -1722
    726  15948  -1680
    716  15940  -1650
    710  15932  -1674
    718  15964  -1706
    714  15964  -1706
    730  15930  -1672
    710  15972  -1650
    722  15932  -1680
    692  15938  -1666
    740  15934  -1698
    710  15948  -1690
    710  15938  -1678
    744  15950  -1700
    740  15946  -1690
    718  15940  -1674
    748  15946  -1664
    716  15944  -1698
    716  15982  -1692
    716  15952  -1670
    736  15972  -1686
    724  16002  -1682
    694  15962  -1692
    716  15972  -1708
    714  15956  -1710
    712  15926  -1648
    702  15932  -1660
    720  15972  -1700
    742  15934  -1654
    736  15970  -1666
    742  15962  -1684
    724  15942  -1694
    698  15960  -1668
    712  15972  -1714
    710  15972  -1670
    714  15926  -1670
    706  15960  -1674
    704  15960  -1622
    690  15928  -1642
    726  15932  -1666
    726  15946  -1700
    744  15928  -1716
    758  15910  -1660
    734  15922  -1702
    714  15954  -1636
    704  15940  -1652
    704  15968  -1650
    712  15928  -1672
    734  15940  -1704
    680  15942  -1650
    718  15950  -1684
    718  15932  -1706
    696  15960  -1656
    742  15946  -1680
    724  15962  -1660
    710  15904  -1648
    706  15970  -1726
    740  15960  -1714
    728  15954  -1702
    708  15952  -1696
    708  15962  -1644
    700  15970  -1674
    718  15970  -1694
    730  15946  -1680
    708  15940  -1658
    712  15914  -1702
    714  15936  -1684
    728  15964  -1630
    726  15916  -1638
    720  15952  -1636
    706  15940  -1638
    728  15932  -1650
    740  15946  -1706
    752  15916  -1720
    738  15918  -1680
    698  15946  -1722
    726  15960  -1680
    712  15938  -1668
    728  15940  -1682
    706  15964  -1682
    700  15942  -1728
    676  15958  -1706
    680  15932  -1708
    702  15966  -1662
    740  15942  -1668
    718  15934  -1696
    746  15948  -1708
    708  15958  -1664
    722  15958  -1668
    724  15950  -1678
    736  15934  -1688
    718  15950  -1698
    718  15978  -1684
    710  15948  -1694
    714  15942  -1696
    710  15976  -1680
    706  15938  -1678
    714  15934  -1704
    744  15940  -1658
    730  15950  -1674
    706  15924  -1680
    746  15942  -1660
    732  15940  -1654
    684  15924  -1672
    736  15916  -1730
    716  15936  -1702
    752  15938  -1668
    728  15948  -1688
    714  15934  -1654
    700  15972  -1672
    714  15958  -1670
    730  15956  -1658
    700  15902  -1632
    732  15954  -1682
    706  15960  -1714
    704  15968  -1666
    700  15958  -1742
    718  15950  -1672
    736  15950  -1668
    738  15950  -1638
    710  15954  -1708
    738  15964  -1670
    736  15938  -1694
    708  15954  -1676
    718  15952  -1712
    730  15942  -1662
    708  15936  -1704
    712  15952  -1680
    714  15950  -1668
    682  15966  -1658
    756  15954  -1682
    710  15964  -1678
    712  15952  -1640
    730  15932  -1662
    706  15922  -1688
    726  15948  -1666
    720  15930  -1696
    726  15938  -1696
    724  15980  -1680
    722  15944  -1704
    724  15944  -1640
    708  15960  -1712
    734  15936  -1660
    704  15958  -1640
    720  15972  -1696
    728  15946  -1654
    706  15936  -1688
    692  15938  -1658
    714  15940  -1684
    732  15958  -1642
    718  15936  -1730
    756  15978  -1668
    678  15934  -1670
    708  15914  -1712
    704  15940  -1668
    704  15948  -1664
    730  15948  -1678
    716  15972  -1632
    748  15934  -1672
    700  15968  -1662
    720  15958  -1684
    730  15950  -1690
    702  15944  -1684
    714  15968  -1692
    718  15938  -1692
    710  15960  -1686
    738  15938  -1702
    760  15962  -1700
    722  15966  -1716
    708  15954  -1660
    702  15942  -1656
    706  15934  -1658
    730  15946  -1686
    714  15962  -1664
    712  15942  -1702
    730  15944  -1736
    724  15980  -1720
    718  15954  -1690
    740  15976  -1720
    738  15958  -1656
    694  15946  -1698
    708  15958  -1672
    712  15956  -1676
    714  15950  -1676
    708  15958  -1670
    704  15960  -1686
    728  15960  -1672
    750  15942  -1672
    720  15972  -1678
    720  15964  -1736
    706  15944  -1646
    728  15922  -1662
    742  15928  -1684
    722  15932  -1710
    720  15940  -1704
    722  15970  -1682
    736  15950  -1684
    732  15956  -1660
    724  15968  -1736
    738  15946  -1690
    698  15964  -1680
    710  15930  -1688
    676  15962  -1676
    718  15946  -1698
    712  15960  -1720
    708  15928  -1688
    702  15928  -1676
    734  15970  -1696
    710  15966  -1680
    744  15944  -1666
    724  15938  -1652
    774  15940  -1694
    704  15940  -1676
    704  15952  -1670
    744  15958  -1648
    744  15940  -1640
    756  15968  -1676
    706  15944  -1632
    716  15940  -1678
    736  15938  -1678
    714  15958  -1676
    684  15954  -1690
    712  15970  -1668
    708  15954  -1706
    714  15954  -1630
    750  15956  -1686
    742  15964  -1696
    736  15978  -1680
    668  15940  -1688
    708  15958  -1706
    716  15958  -1672
    706  15936  -1700
    686  15956  -1650
    690  15928  -1682
    710  15958  -1698
    740  15968  -1672
    710  15952  -1682
    702  15940  -1678
    728  15944  -1678
    714  15952  -1690
    710  15936  -1682
    694  15938  -1722
    726  15960  -1716
    708  15954  -1668
    716  15962  -1676
    728  15936  -1678
    752  15952  -1668
    734  15948  -1698
    712  15920  -1710
    710  15968  -1700
    716  15966  -1684
    728  15968  -1700
    698  15930  -1678
    754  15960  -1688
    734  15942  -1670
    722  15938  -1694
    744  15998  -1692
    704  15948  -1684
    716  15926  -1690
    704  15946  -1680
    730  15974  -1648
    718  15934  -1668
    720  15968  -1658
    706  15944  -1710
    700  15948  -1668
    730  15942  -1682
    716  15952  -1656
    736  15944  -1676
    750  15936  -1696
    692  15936  -1702
    714  15950  -1706
    698  15936  -1726
    752  15960  -1680
    716  15964  -1628
    696  15970  -1632
    718  15952  -1684
    740  15974  -1686
    726  15936  -1708
    722  15956  -1738
    682  15976  -1722
    708  15930  -1722
    730  15954  -1696
    700  15948  -1686
    710  15954  -1668
    736  15928  -1698
    718  15946  -1680
    728  15952  -1682
    752  15986  -1654
    744  15956  -1638
    686  15932  -1672
    740  15946  -1740
    714  15934  -1688
    708  15956  -1704
    702  15944  -1736
    728  15954  -1674
    746  15948  -1690
    696  15954  -1616
    710  15964  -1712
    728  15948  -1626
    714  15978  -1682
    726  15952  -1684
    702  15954  -1708
    692  15972  -1700
    728  15938  -1672
    714  15952  -1714
    728  15978  -1680
    716  15982  -1662
    716  15940  -1672
    754  15958  -1650
    716  15960  -1680
    724  15960  -1668
    750  15962  -1696
    712  15952  -1698
    732  15922  -1698
    700  15938  -1720
    716  15940  -1676
    724  15956  -1694
    714  15950  -1660
    682  15958  -1720
    708  15984  -1724
    710  15962  -1704
    688  15956  -1664
    712  15948  -1678
    704  15958  -1678
    734  15952  -1678
    728  15950  -1638
    736  15960  -1662
    672  15940  -1712
    726  15946  -1718
    704  15982  -1696
    732  15956  -1696
    752  15920  -1692
    774  15946  -1672
    702  15974  -1668
    718  15962  -1684
    698  15954  -1672
    730  15948  -1682
    752  15966  -1694
    686  15936  -1718
    736  15944  -1696
    774  15994  -1668
    704  15946  -1722
    720  15972  -1674
    746  15974  -1692
    740  15954  -1730
    712  15938  -1696
    740  15960  -1734
    724  15960  -1642
    752  15968  -1690
    712  15960  -1668
    728  15950  -1686
    718  15948  -1694
    736  15948  -1694
    726  15954  -1674
    672  15936  -1652
    712  15956  -1648
    724  15948  -1660
    724  15948  -1690
    742  15954  -1702
    696  15948  -1686
    710  15902  -1676
    694  15932  -1658
    712  15934  -1664
    690  15946  -1710
    696  15898  -1668
    720  15930  -1654
    730  15942  -1690
    688  15966  -1726
    712  15936  -1666
    734  15952  -1696
    706  15944  -1710
    726  15960  -1654
    718  15930  -1674
    734  15942  -1696
    698  15918  -1680
    748  15958  -1762
    700  15924  -1648
    706  15928  -1674
    734  15954  -1642
    694  15936  -1630
    682  15974  -1698
    720  15962  -1700
    720  15962  -1676
    748  15978  -1668
    690  15948  -1642
    722  15936  -1666
    690  15972  -1672
    720  15936  -1652
    712  15940  -1684
    752  15960  -1674
    714  15926  -1696
    726  15934  -1686
    732  15978  -1698
    726  15930  -1676
    716  15946  -1666
    692  15968  -1686
    744  15982  -1696
    738  15958  -1694
    718  15936  -1684
    718  15956  -1692
    712  15940  -1662
    704  15948  -1684
    724  15946  -1682
    710  15958  -1700
    712  15946  -1668
    700  15964  -1708
    730  15938  -1696
    742  15942  -1650
    738  15944  -1658
    684  15960  -1686
    700  15966  -1670
    718  15962  -1680
    730  15950  -1662
    702  15962  -1650
    716  15940  -1716
    718  15952  -1690
    696  15942  -1698
    728  15954  -1738
    720  15956  -1680
    728  15932  -1668
    712  15926  -1714
    736  15956  -1686
    732  15968  -1700
    720  15970  -1664
    714  15940  -1654
    742  15982  -1680
    718  15954  -1774
    724  15948  -1714
    724  15960  -1722
    734  15958  -1674
    702  15950  -1664
    732  15962  -1672
    728  15924  -1642
    730  15942  -1658
    692  15948  -1700
    720  15940  -1684
    732  15944  -1686
    710  15956  -1740
    724  15954  -1698
    680  15926  -1646
    734  15950  -1672
    724  15928  -1674
    716  15944  -1686
    688  15942  -1664
    702  15956  -1644
    718  15968  -1698
    742  15934  -1734
    740  15932  -1668
    698  15970  -1688
    728  15956  -1672
    708  15980  -1674
    714  15964  -1708
    746  15938  -1732
    740  15936  -1690
    716  15960  -1660
    700  15952  -1704
    746  15952  -1656
    724  15958  -1664
    702  15934  -1700
    732  15956  -1700
    716  15928  -1666
    752  15952  -1650
    716  15976  -1658
    726  15964  -1684
    704  15968  -1694
    718  15964  -1722
    678  15938  -1684
    692  15966  -1678
    728  15948  -1678
    714  15970  -1680
    702  15946  -1660
    678  15968  -1686
    730  15908  -1678
    732  15960  -1678
    734  15958  -1670
    722  15956  -1728
    736  15968  -1670
    730  15960  -1648
    730  15930  -1626
    720  15982  -1670
    736  15936  -1680
    748  15952  -1688
    686  15950  -1734
    722  15960  -1688
    730  15946  -1698
    684  15950  -1716
    724  15906  -1674
    736  15972  -1728
    714  15952  -1712
    718  15950  -1700
    702  15954  -1700
    716  15944  -1664
    748  15958  -1702
    752  15958  -1678
    714  15972  -1700
    716  15936  -1670
    724  15946  -1654
    736  15944  -1684
    738  15944  -1704
    732  15916  -1668
    734  15970  -1694
    710  15950  -1726
    706  15936  -1680
    712  15958  -1716
    718  15948  -1694
    742  15982  -1670
    712  15950  -1698
    732  15934  -1672
    718  15924  -1716
    720  15974  -1710
    732  15972  -1704
    732  15942  -1640
    734  15936  -1686
    750  15950  -1684
    728  15986  -1662
    704  15954  -1654
    686  15946  -1726
    744  15936  -1658
    742  15954  -1666
    738  15932  -1688
    748  15928  -1678
    734  15966  -1678
    686  15966  -1694
    702  15946  -1656
    724  15958  -1662
    732  15940  -1694
    714  15930  -1684
    712  15954  -1676
    730  15984  -1708
    716  15968  -1734
    714  15934  -1688
    712  15946  -1688
    684  15932  -1698
    726  15954  -1656
    710  15954  -1686
    712  15960  -1718
    716  15946  -1684
    734  15956  -1684
    714  15938  -1664
    698  15974  -1704
    696  15966  -1706
    738  15958  -1674
    706  15970  -1654
    730  15940  -1722
    710  15960  -1700
    726  15970  -1672
    730  15952  -1656
    742  15926  -1702
    722  15942  -1656
    716  15958  -1746
    734  15938  -1688
    740  15954  -1676
    690  15942  -1688
    744  15958  -1636
    704  15926  -1660
    718  15970  -1694
    724  15928  -1702
    718  15920  -1708
    700  15908  -1690
    716  15942  -1696
    708  15938  -1684
    728  15948  -1692
    662  15934  -1686
    726  15934  -1692
    704  15928  -1690
    698  15950  -1700
    706  15956  -1674
    718  15950  -1678
    716  15956  -1682
    726  15944  -1656
    716  15952  -1696
    698  15938  -1614
    686  15946  -1676
    676  15950  -1682
    710  15934  -1672
    742  15946  -1708
    740  15926  -1668
    730  15964  -1652
    724  15954  -1736
    726  15952  -1676
    746  15968  -1714
    752  15958  -1654
    700  15956  -1690
    708  15936  -1716
    748  15920  -1668
    728  15966  -1684
    692  15966  -1700
    722  15932  -1676
    746  15934  -1690
    726  15968  -1656
    722  15958  -1702
    752  15970  -1706
    702  15960  -1720
    704  15974  -1678
    732  15958  -1654
    730  15930  -1666
    714  15950  -1682
    744  15940  -1674
    698  15932  -1660
    726  15944  -1690
    728  15962  -1666
    730  15972  -1634
    744  15952  -1668
    682  15952  -1690
    702  15958  -1720
    732  15978  -1732
    704  15952  -1708
    744  15966  -1734
    716  15962  -1712
    718  15982  -1698
    710  15944  -1646
    710  15962  -1662
    736  15950  -1702
    736  15960  -1660
    706  15938  -1674
    728  15936  -1698
    720  15942  -1664
    742  15936  -1700
    724  15942  -1686
    730  15964  -1644
    714  15918  -1702
    714  15960  -1674
    716  15932  -1710
    736  15936  -1724
    682  15982  -1720
    738  15948  -1674
    740  15974  -1688
    712  15968  -1664
    728  15958  -1688
    708  15920  -1710
    746  15940  -1724
    738  15936  -1700
    732  15982  -1660
    732  15952  -1704
    706  15984  -1688
    742  15946  -1710
    726  15936  -1680
    712  15948  -1654
    730  15956  -1698
    700  15924  -1696
    714  15956  -1702
    728  15950  -1650
    696  15988  -1704
    734  15968  -1666
    748  15976  -1668
    686  15958  -1706
    716  15952  -1664
    716  15978  -1666
    734  15946  -1704
    746  15932  -1700
    682  15978  -1676
    720  15950  -1688
    730  15980  -1738
    712  15954  -1710
    736  15936  -1700
    714  15954  -1740
    734  15968  -1740
    724  15944  -1704
    718  15944  -1704
    742  15944  -1684
    706  15936  -1682
    704  15974  -1682
    704  15936  -1694
    696  15940  -1698
    686  15940  -1684
    730  15970  -1674
    692  15952  -1664
    688  15948  -1678
    712  15950  -1694
    758  15958  -1674
    710  15980  -1664
    682  15936  -1696
    682  15948  -1658
    724  15972  -1690
    704  15924  -1662
    722  15914  -1654
    736  15932  -1666
    748  15930  -1652
    738  15946  -1660
    704  15942  -1662
    742  15950  -1734
    694  15952  -1726
    706  15942  -1652
    756  15976  -1692
    712  15966  -1700
    680  15948  -1652
    674  15944  -1680
    706  15942  -1680
    712  15960  -1722
    742  15954  -1624
    726  15928  -1678
    734  15956  -1684
    724  15958  -1672
    726  15948  -1688
    718  15938  -1720
    730  15954  -1688
    726  15948  -1710
    714  15952  -1630
    712  15958  -1686
    716  15982  -1668
    724  15958  -1656
    718  15930  -1698
    742  15954  -1666
    708  15958  -1678
    716  15960  -1706
    738  15922  -1712
    676  15974  -1646
    712  15956  -1700
    738  15990  -1680
    686  15990  -1660
    744  15962  -1724
    716  15938  -1710
    718  15938  -1666
    708  15940  -1708
    712  15914  -1692
    708  15928  -1712
    712  15928  -1734
    702  15928  -1688
    746  15942  -1694
    726  15954  -1676
    714  15926  -1712
    740  15938  -1714
    714  15922  -1670
    706  15976  -1718
    706  15940  -1636
    716  15966  -1726
    710  15944  -1676
    700  15928  -1690
    730  15948  -1658
    734  15968  -1674
    710  15926  -1670
    712  15946  -1710
    702  15942  -1712
    712  15978  -1702
    740  15922  -1720
    736  15952  -1694
    732  15948  -1716
    740  15962  -1672
    680  15944  -1642
    712  15968  -1690
    708  15958  -1700
    742  15948  -1680
    748  15960  -1684
    742  15942  -1672
    714  15930  -1688
    698  15976  -1726
    730  15944  -1688
    698  15962  -1644
    710  15944  -1674
    724  15934  -1690
    690  15936  -1700
    704  15952  -1678
    722  15934  -1728
    734  15958  -1636
    726  15922  -1654
    730  15946  -1642
    688  15946  -1678
    706  15978  -1674
    708  15954  -1716
    718  15940  -1672
    724  15956  -1720
    710  15948  -1686
    696  15924  -1666
    718  15958  -1688
    720  15954  -1680
    716  15970  -1650
    724  15942  -1648
    686  15968  -1686
    700  15972  -1696
    726  15950  -1678
    746  15960  -1672
    720  15928  -1672
    716  15950  -1672
    710  15962  -1694
    706  15956  -1660
    694  15944  -1674
    728  15934  -1682
    708  15928  -1702
    710  15962  -1730
    724  15990  -1714
    746  15934  -1682
    722  15944  -1650
    730  15926  -1726
    724  15936  -1700
    738  15972  -1644
    726  15962  -1700
    722  15950  -1670
    712  15938  -1664
    716  15950  -1618
    738  15958  -1666
    724  15966  -1666
    712  15938  -1694
    698  15980  -1678
    734  15934  -1652
    764  15958  -1686
    740  15926  -1642
    730  15950  -1650
    708  15946  -1610
    740  15934  -1728
    726  15958  -1676
    704  15950  -1684
    762  15942  -1700
    714  15954  -1652
    726  15944  -1634
    716  15948  -1694
    704  15966  -1690
    718  15940  -1708
    736  15944  -1664
    730  15950  -1668
    726  15968  -1716
    696  15924  -1686
    722  15962  -1710
    734  15956  -1662
    704  15950  -1628
    718  15974  -1700
    724  15934  -1678
    736  15936  -1646
    692  15950  -1700
    702  15946  -1668
    754  15928  -1674
    718  15956  -1650
    720  15984  -1698
    736  15916  -1652
    728  15960  -1698
    716  15950  -1690
    700  15940  -1686
    740  15948  -1662
    722  15982  -1686
    728  15952  -1636
    690  15968  -1662
    692  15950  -1652
    716  15938  -1638
    726  15954  -1684
    734  15938  -1688
    724  15956  -1702
    706  15982  -1688
    694  15954  -1694
    698  15972  -1690
    724  15972  -1696
    694  15962  -1620
    706  15952  -1648
    720  15938  -1682
    714  15950  -1692
    728  15930  -1712
    770  15926  -1732
    708  15962  -1720
    716  15942  -1700
    714  15932  -1730
    748  15954  -1674
    704  15954  -1704
    712  15944  -1682
    702  15978  -1664
    716  15942  -1676
    708  15940  -1626
    690  15958  -1698
    726  15940  -1688
    694  15968  -1706
    716  15970  -1678
    708  15946  -1698
    704  15950  -1700
    744  15958  -1698
    710  15988  -1688
    748  15956  -1662
    724  15956  -1674
    704  15942  -1668
    750  15924  -1710
    742  15916  -1720
    698  15954  -1690
    736  15946  -1654
    710  15954  -1666
    698  15944  -1672
    764  15928  -1668
    708  15934  -1636
    696  15942  -1684
    720  15960  -1654
    736  15966  -1680
    724  15958  -1668
    686  15944  -1674
    696  15958  -1714
    708  15926  -1688
    704  15924  -1638
    696  15946  -1676
    734  15962  -1686
    722  15928  -1702
    748  15936  -1676
    712  15964  -1684
    720  15968  -1668
    724  15940  -1660
    730  15928  -1700
    682  15940  -1680
    730  15974  -1668
    748  15962  -1706
    694  15956  -1664
    682  15974  -1706
    690  15920  -1724
    746  15942  -1662
    712  15930  -1706
    716  15948  -1680
    684  15936  -1712
    724  15954  -1670
    720  15932  -1684
    712  15930  -1642
    714  15948  -1708
    718  15950  -1672
    712  15952  -1676
    710  15972  -1658
    696  15946  -1684
    714  15966  -1710
    702  15936  -1692
    734  15954  -1688
    714  15960  -1664
    716  15964  -1652
    716  15950  -1670
    718  15978  -1660
    700  15956  -1692
    692  15962  -1672
    732  15916  -1684
    718  15968  -1682
    718  15956  -1680
    728  15952  -1688
    720  15946  -1728
    734  15980  -1670
    716  15970  -1740
    740  15950  -1708
    716  15946  -1664
    716  15944  -1706
    710  15952  -1614
    738  15950  -1700
    706  15948  -1672
    714  15942  -1640
    744  15982  -1658
    726  15982  -1648
    704  15958  -1686
    676  15978  -1682
    702  15972  -1672
    716  15938  -1662
    702  15946  -1662
    730  15976  -1706
    712  15936  -1658
    730  15934  -1728
    726  15968  -1686
    738  15962  -1672
    726  15956  -1670
    708  15974  -1650
    714  15974  -1692
    702  15960  -1656
    722  15952  -1672
    722  15956  -1686
    766  15952  -1690
    690  15968  -1678
    714  15962  -1726
    756  15952  -1686
    710  15968  -1684
    698  15964  -1692
    710  15946  -1690
    732  15930  -1710
    708  15940  -1704
    750  15952  -1684
    734  15960  -1702
    700  15954  -1646
    690  15940  -1704
    756  15954  -1664
    738  15942  -1684
    720  15958  -1686
    738  15972  -1670
    716  15952  -1710
    728  15974  -1662
    722  15928  -1672
    746  15972  -1646
    726  15982  -1682
    722  15954  -1652
    742  15938  -1686
    764  15970  -1702
    742  15944  -1638
    720  15920  -1694
    706  15954  -1678
    718  15962  -1674
    706  15932  -1650
    718  15972  -1676
    710  15952  -1680
    710  15944  -1708
    706  15958  -1708
    698  15962  -1688
    696  15984  -1662
    714  15972  -1672
    738  15956  -1664
    718  15972  -1686
    728  15948  -1704
    746  15938  -1670
    740  15958  -1686
    718  15940  -1720
    710  15930  -1692
    736  15920  -1632
    742  15946  -1718
    696  15966  -1706
    724  15956  -1666
    696  15956  -1666
    700  15932  -1666
    716  15954  -1684
    720  15936  -1726
    750  15922  -1654
    710  15916  -1660
    722  15948  -1688
    754  15952  -1666
    714  15946  -1634
    720  15950  -1670
    682  15968  -1702
    684  15940  -1652
    722  15946  -1672
    738  15958  -1652
    682  15934  -1688
    724  15960  -1682
    704  15972  -1680
    722  15946  -1680
    678  15950  -1682
    736  15956  -1706
    724  15962  -1670
    718  15976  -1694
    694  15976  -1680
    680  15948  -1656
    696  15928  -1682
    710  15922  -1674
    730  15962  -1626
    702  15944  -1658
    708  15942  -1720
    718  15952  -1704
    728  15960  -1666
    712  15930  -1720
    726  15970  -1704
    718  15954  -1694
    708  15956  -1634
    686  15964  -1682
    718  15936  -1706
    704  15944  -1704
    692  15938  -1730
    684  15930  -166