  17092   -232  -1792
  17130   -244  -1800
  17088   -266  -1778
  17096   -248  -1778
  17122   -242  -1794
  17146   -244  -1762
  17146   -216  -1802
  17104   -242  -1812
  17090   -276  -1814
  17144   -250  -1768
  17094   -242  -1796
  17138   -248  -1780
  17108   -246  -1818
  17124   -232  -1784
  17130   -240  -1760
  17144   -228  -1806
  17116   -242  -1856
  17108   -238  -1786
  17098   -250  -1794
  17104   -258  -1752
  17132   -228  -1794
  17108   -234  -1790
  17104   -228  -1776
  17106   -258  -1782
  17124   -232  -1758
  17100   -248  -1798
  17098   -222  -1794
  17120   -240  -1810
  17082   -216  -1788
  17110   -272  -1798
  17124   -254  -1820
  17110   -258  -1748
  17142   -248  -1770
  17150   -226  -1772
  17132   -238  -1774
  17090   -220  -1724
  17116   -222  -1752
  17122   -244  -1750
  17138   -250  -1800
  17086   -234  -1838
  17112   -238  -1754
  17118   -246  -1726
  17090   -238  -1780
  17146   -208  -1782
  17124   -228  -1778
  17146   -236  -1750
  17092   -264  -1800
  17132   -246  -1756
  17102   -230  -1798
  17132   -242  -1784
  17118   -256  -1760
  17104   -234  -1744
  17092   -216  -1772
  17118   -236  -1834
  17116   -254  -1790
  17110   -228  -1794
  17098   -240  -1768
  17122   -232  -1794
  17114   -276  -1784
  17122   -254  -1786
  17098   -232  -1758
  17138   -268  -1796
  17120   -240  -1764
  17126   -234  -1756
  17130   -262  -1762
  17096   -252  -1784
  17124   -230  -1828
  17174   -236  -1826
  17134   -242  -1804
  17126   -246  -1784
  17128   -250  -1770
  17108   -242  -1786
  17080   -218  -1814
  17104   -252  -1728
  17136   -236  -1794
  17120   -240  -1744
  17150   -244  -1740
  17126   -262  -1796
  17110   -222  -1780
  17134   -240  -1784
  17120   -242  -1778
  17120   -256  -1838
  17140   -248  -1762
  17124   -236  -1792
  17112   -236  -1788
  17152   -244  -1790
  17132   -244  -1748
  17146   -262  -1752
  17104   -224  -1776
  17126   -238  -1808
  17108   -244  -1812
  17142   -204  -1786
  17120   -236  -1770
  17136   -238  -1748
  17078   -234  -1818
  17108   -240  -1788
  17122   -214  -1760
  17130   -244  -1770
  17120   -232  -1788
  17158   -226  -1806
  17110   -242  -1774
  17120   -250  -1774
  17110   -232  -1774
  17118   -270  -1758
  17118   -238  -1764
  17154   -268  -1720
  17104   -248  -1758
  17112   -252  -1770
  17134   -266  -1750
  17116   -272  -1772
  17122   -252  -1750
  17148   -246  -1790
  17116   -272  -1798
  17140   -248  -1786
  17116   -246  -1756
  17094   -256  -1748
  17132   -246  -1804
  17138   -272  -1838
  17106   -220  -1790
  17110   -268  -1758
  17120   -238  -1760
  17130   -226  -1820
  17122   -248  -1818
  17138   -252  -1798
  17142   -220  -1804
  17132   -254  -1758
  17134   -222  -1800
  17138   -258  -1780
  17100   -252  -1830
  17104   -250  -1788
  17124   -238  -1760
  17112   -192  -1730
  17102   -238  -1762
  17112   -232  -1808
  17150   -258  -1744
  17106   -284  -1766
  17106   -248  -1776
  17116   -232  -1796
  17126   -242  -1790
  17110   -232  -1770
  17112   -244  -1830
  17130   -208  -1794
  17164   -246  -1792
  17096   -246  -1746
  17150   -226  -1756
  17158   -220  -1782
  17144   -236  -1768
  17130   -228  -1766
  17114   -246  -1760
  17116   -246  -1790
  17144   -240  -1794
  17134   -264  -1790
  17132   -246  -1770
  17152   -242  -1748
  17128   -242  -1798
  17150   -252  -1800
  17114   -244  -1800
  17106   -190  -1802
  17104   -212  -1770
  17112   -232  -1796
  17152   -242  -1786
  17118   -234  -1794
  17124   -254  -1760
  17124   -244  -1782
  17096   -220  -1796
  17090   -226  -1784
  17140   -246  -1796
  17092   -264  -1766
  17126   -236  -1762
  17134   -254  -1782
  17148   -246  -1780
  17120   -214  -1810
  17140   -254  -1792
  17112   -234  -1796
  17128   -248  -1760
  17114   -222  -1770
  17108   -244  -1784
  17152   -230  -1810
  17142   -226  -1802
  17100   -228  -1802
  17112   -234  -1748
  17100   -252  -1800
  17150   -234  -1822
  17108   -270  -1768
  17124   -242  -1758
  17114   -222  -1740
  17114   -240  -1746
  17124   -254  -1790
  17128   -254  -1756
  17134   -268  -1752
  17156   -238  -1776
  17110   -246  -1782
  17158   -236  -1796
  17148   -206  -1788
  17150   -232  -1782
  17142   -234  -1832
  17122   -254  -1780
  17122   -204  -1792
  17128   -220  -1770
  17144   -262  -1804
  17134   -250  -1820
  17116   -234  -1852
  17124   -230  -1790
  17122   -222  -1774
  17120   -230  -1784
  17106   -230  -1764
  17074   -250  -1758
  17110   -234  -1812
  17100   -224  -1756
  17142   -228  -1788
  17138   -262  -1786
  17154   -228  -1762
  17146   -230  -1772
  17122   -252  -1770
  17134   -234  -1796
  17134   -232  -1746
  17118   -266  -1736
  17128   -238  -1804
  17128   -226  -1788
  17174   -244  -1776
  17126   -268  -1798
  17098   -252  -1818
  17106   -256  -1764
  17106   -250  -1778
  17140   -242  -1780
  17152   -242  -1768
  17108   -244  -1758
  17120   -232  -1740
  17096   -236  -1784
  17096   -218  -1794
  17082   -264  -1800
  17120   -220  -1796
  17150   -258  -1816
  17132   -228  -1834
  17108   -240  -1746
  17124   -246  -1758
  17124   -234  -1778
  17130   -238  -1746
  17098   -234  -1760
  17158   -254  -1782
  17122   -232  -1776
  17132   -230  -1796
  17150   -248  -1782
  17130   -256  -1768
  17132   -238  -1832
  17094   -264  -1812
  17082   -242  -1816
  17122   -230  -1778
  17110   -266  -1798
  17122   -226  -1792
  17150   -236  -1756
  17136   -224  -1776
  17108   -254  -1784
  17132   -220  -1776
  17112   -222  -1800
  17126   -236  -1784
  17142   -244  -1812
  17106   -228  -1802
  17116   -220  -1782
  17098   -266  -1796
  17142   -264  -1770
  17146   -246  -1786
  17114   -242  -1788
  17128   -264  -1780
  17134   -268  -1772
  17148   -242  -1730
  17112   -240  -1772
  17126   -234  -1754
  17160   -272  -1734
  17128   -260  -1736
  17154   -240  -1780
  17112   -234  -1758
  17120   -240  -1804
  17114   -238  -1774
  17124   -224  -1770
  17152   -234  -1714
  17120   -240  -1772
  17166   -230  -1822
  17136   -228  -1770
  17156   -226  -1770
  17134   -246  -1782
  17124   -258  -1798
  17114   -240  -1782
  17128   -208  -1756
  17106   -226  -1830
  17146   -232  -1836
  17134   -240  -1774
  17106   -236  -1760
  17136   -242  -1810
  17102   -242  -1816
  17110   -244  -1800
  17088   -250  -1810
  17108   -254  -1838
  17096   -256  -1778
  17142   -250  -1830
  17122   -238  -1776
  17100   -232  -1786
  17120   -240  -1774
  17122   -218  -1790
  17128   -232  -1796
  17104   -222  -1814
  17128   -238  -1816
  17124   -208  -1828
  17106   -246  -1760
  17116   -232  -1774
  17112   -248  -1768
  17096   -256  -1776
  17148   -262  -1762
  17126   -272  -1758
  17102   -258  -1772
  17112   -228  -1830
  17136   -242  -1784
  17108   -240  -1746
  17090   -218  -1782
  17108   -230  -1804
  17142   -246  -1848
  17090   -230  -1744
  17128   -264  -1774
  17114   -242  -1754
  17100   -248  -1768
  17124   -248  -1778
  17128   -220  -1808
  17130   -238  -1822
  17130   -260  -1766
  17114   -266  -1802
  17150   -262  -1742
  17142   -226  -1788
  17108   -236  -1776
  17094   -256  -1764
  17122   -248  -1778
  17108   -240  -1780
  17104   -244  -1728
  17092   -270  -1762
  17100   -270  -1794
  17102   -226  -1824
  17110   -212  -1768
  17106   -242  -1776
  17132   -224  -1808
  17142   -226  -1746
  17132   -232  -1762
  17116   -230  -1768
  17134   -238  -1834
  17112   -224  -1774
  17108   -244  -1794
  17134   -260  -1796
  17138   -254  -1878
  17132   -236  -1850
  17140   -272  -1826
  17136   -262  -1762
  17096   -216  -1742
  17128   -220  -1756
  17116   -242  -1784
  17132   -220  -1812
  17100   -244  -1762
  17120   -238  -1768
  17106   -248  -1796
  17114   -224  -1794
  17122   -244  -1724
  17102   -288  -1758
  17122   -268  -1786
  17118   -230  -1780
  17122   -220  -1802
  17154   -258  -1790
  17106   -238  -1772
  17114   -228  -1792
  17130   -236  -1798
  17112   -272  -1804
  17166   -234  -1802
  17140   -228  -1752
  17120   -234  -1784
  17100   -266  -1792
  17126   -256  -1748
  17120   -242  -1776
  17150   -238  -1772
  17124   -246  -1786
  17136   -262  -1824
  17116   -206  -1792
  17172   -256  -1800
  17140   -242  -1796
  17128   -254  -1776
  17148   -268  -1770
  17138   -218  -1778
  17132   -232  -1764
  17118   -250  -1778
  17122   -252  -1784
  17100   -236  -1798
  17112   -230  -1776
  17136   -250  -1764
  17092   -238  -1776
  17152   -222  -1796
  17114   -246  -1800
  17108   -264  -1730
  17142   -240  -1802
  17080   -248  -1806
  17134   -240  -1738
  17118   -254  -1766
  17106   -258  -1794
  17126   -252  -1778
  17124   -246  -1738
  17130   -252  -1742
  17110   -254  -1814
  17098   -240  -1766
  17122   -266  -1836
  17148   -218  -1766
  17142   -256  -1796
  17128   -232  -1798
  17112   -242  -1800
  17142   -258  -1766
  17108   -266  -1792
  17138   -250  -1812
  17120   -260  -1788
  17118   -282  -1764
  17104   -268  -1778
  17122   -270  -1798
  17142   -254  -1754
  17088   -252  -1772
  17112   -256  -1772
  17110   -262  -1774
  17120   -276  -1792
  17110   -272  -1760
  17136   -284  -1790
  17124   -236  -1772
  17118   -268  -1816
  17094   -262  -1768
  17094   -262  -1808
  17116   -234  -1782
  17108   -220  -1806
  17118   -246  -1774
  17154   -282  -1774
  17128   -254  -1794
  17104   -220  -1776
  17142   -238  -1838
  17112   -248  -1794
  17142   -250  -1778
  17124   -226  -1762
  17128   -236  -1800
  17116   -240  -1738
  17112   -244  -1804
  17120   -236  -1796
  17118   -244  -1780
  17102   -250  -1782
  17116   -222  -1794
  17144   -230  -1786
  17112   -240  -1792
  17124   -256  -1758
  17130   -236  -1762
  17154   -258  -1734
  17116   -266  -1776
  17096   -270  -1780
  17154   -246  -1758
  17108   -266  -1794
  17094   -254  -1764
  17152   -258  -1774
  17094   -242  -1786
  17122   -256  -1746
  17132   -258  -1822
  17128   -248  -1800
  17122   -238  -1780
  17094   -256  -1756
  17116   -268  -1770
  17136   -258  -1768
  17154   -246  -1730
  17122   -262  -1766
  17116   -244  -1802
  17114   -238  -1766
  17136   -212  -1768
  17126   -220  -1782
  17110   -264  -1802
  17140   -258  -1746
  17118   -238  -1848
  17114   -230  -1804
  17106   -248  -1778
  17122   -246  -1772
  17112   -242  -1796
  17128   -246  -1762
  17090   -258  -1760
  17146   -254  -1754
  17114   -260  -1774
  17100   -272  -1808
  17118   -266  -1736
  17122   -260  -1812
  17102   -244  -1764
  17132   -234  -1742
  17114   -234  -1792
  17122   -236  -1778
  17128   -264  -1802
  17122   -240  -1810
  17138   -254  -1812
  17142   -260  -1810
  17110   -240  -1762
  17114   -240  -1722
  17136   -218  -1768
  17128   -226  -1810
  17128   -256  -1834
  17134   -256  -1820
  17118   -232  -1770
  17144   -268  -1782
  17094   -210  -1752
  17106   -224  -1780
  17108   -226  -1778
  17096   -254  -1810
  17126   -242  -1756
  17112   -236  -1750
  17112   -236  -1784
  17118   -248  -1748
  17128   -236  -1758
  17134   -236  -1792
  17124   -256  -1788
  17130   -244  -1718
  17106   -258  -1740
  17118   -266  -1766
  17110   -214  -1768
  17106   -234  -1784
  17144   -222  -1790
  17112   -192  -1790
  17130   -238  -1768
  17104   -244  -1754
  17140   -226  -1748
  17126   -230  -1784
  17120   -258  -1808
  17130   -250  -1752
  17104   -252  -1760
  17124   -228  -1758
  17098   -258  -1756
  17108   -244  -1790
  17156   -232  -1740
  17104   -250  -1756
  17104   -230  -1814
  17140   -234  -1748
  17076   -248  -1782
  17134   -266  -1766
  17124   -262  -1768
  17106   -220  -1756
  17112   -226  -1822
  17116   -228  -1842
  17130   -246  -1816
  17092   -240  -1810
  17124   -214  -1806
  17112   -230  -1798
  17108   -224  -1734
  17126   -216  -1724
  17116   -206  -1794
  17150   -218  -1748
  17108   -248  -1764
  17136   -244  -1764
  17116   -242  -1764
  17114   -242  -1828
  17122   -240  -1742
  17116   -238  -1748
  17128   -240  -1784
  17110   -220  -1798
  17128   -262  -1826
  17116   -246  -1754
  17076   -246  -1782
  17110   -274  -1772
  17108   -240  -1722
  17108   -222  -1808
  17110   -234  -1826
  17112   -262  -1768
  17114   -214  -1730
  17118   -236  -1808
  17134   -270  -1766
  17128   -250  -1846
  17110   -252  -1820
  17102   -236  -1794
  17092   -246  -1754
  17114   -226  -1768
  17126   -228  -1754
  17132   -240  -1792
  17138   -254  -1768
  17138   -242  -1764
  17096   -230  -1770
  17102   -236  -1780
  17116   -240  -1786
  17114   -264  -1766
  17142   -238  -1796
  17122   -236  -1786
  17092   -262  -1786
  17110   -238  -1754
  17138   -220  -1806
  17112   -218  -1782
  17150   -242  -1806
  17096   -250  -1752
  17130   -254  -1804
  17126   -266  -1784
  17118   -216  -1800
  17088   -216  -1774
  17116   -250  -1742
  17126   -254  -1780
  17110   -226  -1780
  17136   -250  -1778
  17144   -252  -1802
  17094   -226  -1738
  17122   -264  -1782
  17128   -250  -1794
  17104   -262  -1788
  17122   -236  -1808
  17142   -238  -1766
  17130   -288  -1780
  17128   -238  -1724
  17122   -230  -1810
  17104   -230  -1794
  17098   -260  -1796
  17146   -246  -1814
  17128   -256  -1802
  17112   -254  -1750
  17116   -254  -1788
  17142   -238  -1724
  17110   -238  -1754
  17156   -238  -1732
  17110   -246  -1764
  17072   -224  -1774
  17122   -248  -1744
  17070   -244  -1808
  17142   -246  -1792
  17120   -248  -1730
  17104   -238  -1802
  17140   -266  -1830
  17040   -242  -1784
  17156   -266  -1758
  17128   -248  -1758
  17124   -236  -1816
  17126   -240  -1762
  17106   -256  -1782
  17162   -222  -1806
  17122   -216  -1738
  17128   -230  -1748
  17158   -248  -1724
  17112   -252  -1820
  17114   -252  -1870
  17096   -252  -1742
  17096   -254  -1818
  17126   -232  -1760
  17136   -230  -1810
  17158   -228  -1792
  17110   -240  -1766
  17134   -278  -1794
  17148   -234  -1732
  17116   -232  -1744
  17124   -226  -1792
  17108   -256  -1776
  17112   -240  -1756
  17152   -254  -1770
  17090   -246  -1784
  17104   -266  -1796
  17106   -224  -1788
  17138   -244  -1830
  17124   -264  -1756
  17126   -266  -1738
  17098   -236  -1818
  17110   -254  -1788
  17138   -246  -1768
  17122   -198  -1758
  17148   -246  -1794
  17136   -228  -1780
  17100   -234  -1808
  17120   -244  -1854
  17134   -254  -1784
  17154   -252  -1772
  17120   -232  -1814
  17124   -226  -1786
  17136   -252  -1802
  17118   -232  -1830
  17138   -254  -1784
  17142   -254  -1770
  17132   -248  -1768
  17130   -242  -1714
  17122   -262  -1764
  17120   -284  -1788
  17086   -238  -1798
  17102   -244  -1788
  17116   -228  -1794
  17132   -242  -1794
  17136   -238  -1752
  17134   -250  -1798
  17130   -242  -1816
  17126   -254  -1758
  17104   -210  -1766
  17122   -248  -1792
  17150   -248  -1768
  17098   -258  -1780
  17120   -236  -1788
  17136   -250  -1738
  17108   -244  -1742
  17106   -266  -1764
  17142   -246  -1772
  17134   -262  -1748
  17124   -240  -1788
  17110   -236  -1780
  17114   -254  -1788
  17140   -258  -1788
  17126   -240  -1770
  17120   -246  -1722
  17114   -250  -1736
  17142   -214  -1724
  17100   -268  -1764
  17136   -240  -1762
  17122   -260  -1798
  17110   -242  -1780
  17126   -242  -1732
  17122   -226  -1768
  17110   -254  -1754
  17138   -240  -1804
  17134   -236  -1812
  17142   -234  -1782
  17124   -272  -1794
  17142   -238  -1764
  17126   -298  -1770
  17116   -254  -1766
  17114   -216  -1784
  17086   -266  -1788
  17102   -260  -1810
  17134   -244  -1758
  17098   -220  -1756
  17108   -228  -1760
  17098   -254  -1762
  17140   -252  -1748
  17112   -250  -1778
  17122   -256  -1766
  17142   -242  -1756
  17136   -236  -1806
  17110   -248  -1796
  17112   -258  -1810
  17108   -234  -1756
  17124   -218  -1786
  17130   -256  -1744
  17148   -238  -1786
  17090   -204  -1710
  17120   -228  -1784
  17130   -236  -1754
  17128   -218  -1804
  17132   -256  -1800
  17150   -248  -1798
  17096   -248  -1796
  17140   -250  -1754
  17100   -220  -1798
  17150   -230  -1750
  17122   -248  -1794
  17136   -258  -1770
  17102   -266  -1818
  17104   -216  -1728
  17128   -222  -1742
  17144   -242  -1730
  17144   -242  -1764
  17130   -240  -1772
  17112   -206  -1740
  17106   -234  -1780
  17090   -242  -1770
  17112   -242  -1746
  17138   -224  -1780
  17138   -246  -1758
  17128   -242  -1764
  17110   -250  -1754
  17124   -250  -1754
  17106   -242  -1770
  17112   -236  -1768
  17110   -230  -1772
  17100   -248  -1800
  17134   -280  -1774
  17144   -254  -1802
  17138   -222  -1780
  17130   -236  -1752
  17116   -228  -1784
  17124   -242  -1798
  17126   -250  -1836
  17138   -248  -1784
  17132   -256  -1782
  17114   -232  -1796
  17132   -226  -1784
  17128   -228  -1814
  17104   -242  -1752
  17102   -222  -1716
  17098   -258  -1780
  17146   -238  -1818
  17162   -252  -1772
  17120   -232  -1760
  17152   -244  -1780
  17126   -230  -1790
  17118   -218  -1796
  17088   -244  -1746
  17118   -246  -1790
  17124   -252  -1804
  17124   -264  -1772
  17118   -250  -1790
  17122   -212  -1742
  17120   -232  -1792
  17130   -250  -1786
  17114   -260  -1784
  17098   -258  -1790
  17132   -250  -1778
  17128   -256  -1796
  17120   -232  -1774
  17114   -236  -1790
  17114   -226  -1756
  17112   -240  -1776
  17144   -258  -1780
  17116   -246  -1798
  17162   -244  -1810
  17124   -214  -1770
  17108   -246  -1756
  17102   -252  -1794
  17122   -240  -1786
  17106   -258  -1726
  17104   -246  -1740
  17120   -226  -1744
  17100   -232  -1722
  17144   -260  -1764
  17128   -220  -1794
  17102   -248  -1760
  17074   -234  -1740
  17090   -262  -1804
  17134   -226  -1818
  17124   -234  -1760
  17130   -234  -1770
  17102   -218  -1778
  17124   -250  -1728
  17144   -234  -1748
  17142   -266  -1800
  17096   -242  -1778
  17082   -244  -1800
  17074   -258  -1764
  17106   -232  -1736
  17116   -272  -1750
  17140   -248  -1728
  17132   -238  -1742
  17118   -236  -1766
  17120   -278  -1744
  17124   -250  -1766
  17146   -248  -1766
  17130   -230  -1748
  17114   -226  -1724
  17120   -244  -1750
  17104   -242  -1790
  17098   -246  -1760
  17146   -258  -1766
  17122   -220  -1814
  17138   -270  -1776
  17102   -236  -1786
  17138   -228  -1780
  17162   -270  -1804
  17110   -210  -1756
  17136   -236  -1814
  17084   -234  -1724
  17114   -248  -1782
  17126   -222  -1778
  17136   -234  -1756
  17092   -240  -1822
  17094   -248  -1766
  17118   -236  -1740
  17088   -258  -1756
  17144   -240  -1796
  17128   -234  -1740
  17138   -234  -1778
  17142   -256  -1758
  17122   -290  -1746
  17132   -250  -1752
  17134   -268  -1774
  17130   -226  -1772
  17134   -212  -1786
  17130   -212  -1802
  17126   -228  -1734
  17142   -252  -1782
  17124   -246  -1766
  17136   -252  -1760
  17086   -232  -1742
  17122   -238  -1778
  17124   -256  -1798
  17102   -234  -1770
  17104   -218  -1798
  17132   -222  -1804
  17130   -224  -1762
  17108   -218  -1758
  17102   -244  -1826
  17124   -240  -1760
  17126   -250  -1774
  17134   -232  -1730
  17104   -256  -1762
  17122   -242  -1768
  17140   -258  -1732
  17118   -244  -1736
  17136   -258  -1800
  17106   -228  -1756
  17112   -250  -1782
  17130   -248  -1778
  17160   -242  -1784
  17124   -242  -1778
  17136   -222  -1768
  17112   -236  -1822
  17144   -250  -1744
  17114   -238  -1786
  17116   -238  -1802
  17140   -240  -1756
  17100   -240  -1804
  17134   -260  -1724
  17142   -264  -1758
  17106   -246  -1758
  17098   -278  -1804
  17084   -246  -1798
  17114   -246  -1750
  17100   -250  -1772
  17122   -244  -1806
  17100   -240  -1790
  17148   -258  -1784
  17130   -244  -1744
  17116   -228  -1744
  17150   -250  -1742
  17102   -192  -1770
  17162   -238  -1784
  17142   -252  -1750
  17108   -258  -1808
  17100   -238  -1792
  17124   -240  -1772
  17136   -258  -1800
  17118   -236  -1772
  17138   -254  -1792
  17140   -256  -1758
  17094   -230  -1758
  17124   -228  -1748
  17120   -250  -1804
  17140   -264  -1756
  17128   -230  -1782
  17144   -240  -1746
  17134   -226  -1808
  17136   -234  -1790
  17124   -234  -1780
  17154   -262  -1816
  17116   -270  -1716
  17136   -252  -1816
  17148   -224  -1806
  17116   -236  -1778
  17078   -222  -1778
  17138   -224  -1716
  17122   -260  -1800
  17126   -220  -1748
  17138   -248  -1766
  17136   -264  -1780
  17124   -234  -1810
  17100   -254  -1760
  17132   -218  -1792
  17124   -252  -1774
  17156   -250  -1778
  17116   -220  -1750
  17096   -264  -1764
  17104   -274  -1790
  17118   -246  -1798
  17100   -254  -1780
  17104   -240  -1740
  17118   -256  -1796
  17114   -224  -1792
  17120   -264  -1812
  17104   -240  -1812
  17134   -248  -1774
  17152   -216  -1806
  17122   -262  -1754
  17122   -230  -1764
  17080   -222  -1796
  17126   -244  -1768
  17098   -252  -1816
  17116   -256  -1814
  17102   -260  -1786
  17152   -254  -1784
  17120   -246  -1798
  17144   -230  -1748
  17138   -228  -1806
  17120   -238  -1776
  17128   -234  -1768
  17136   -284  -1774
  17116   -252  -1780
  17126   -258  -1772
  17122   -230  -1756
  17082   -254  -1764
  17138   -240  -1782
  17128   -262  -1754
  17112   -264  -1744
  17106   -236  -1788
  17126   -246  -1796
  17130   -240  -1764
  17094   -238  -1778
  17098   -256  -1760
  17100   -246  -1746
  17138   -290  -1770
  17106   -278  -1814
  17128   -228  -1790
  17122   -238  -1838
  17088   -242  -1754
  17096   -200  -1754
  17086   -248  -1700
  17120   -258  -1744
  17110   -220  -1746
  17122   -222  -1756
  17118   -258  -1734
  17118   -220  -1760
  17098   -236  -1766
  17106   -232  -1784
  17124   -234  -1756
  17144   -264  -1778
  17120   -272  -1784
  17118   -262  -1768
  17106   -244  -1776
  17128   -260  -1802
  17146   -240  -1790
  17124   -244  -1804
  17106   -222  -1790
  17096   -262  -1832
  17144   -260  -1750
  17116   -276  -1778
  17138   -246  -1754
  17138   -244  -1768
  17104   -260  -1768
  17120   -240  -1768
  17112   -234  -1770
  17106   -262  -1778
  17112   -258  -1766
  17134   -216  -1760
  17128   -226  -1810
  17122   -224  -1750
  17136   -268  -1754
  17120   -232  -1782
  17148   -258  -1758
  17100   -236  -1764
  17120   -230  -1740
  17130   -270  -1792
  17122   -244  -1788
  17130   -238  -1790
  17152   -244  -1786
  17114   -270  -1794
  17116   -234  -1738
  17108   -230  -1766
  17122   -252  -1754
  17144   -250  -1754
  17112   -238  -1816
  17112   -240  -1776
  17132   -262  -1732
  17106   -240  -1756
  17124   -236  -1744
  17122   -250  -1812
  17112   -252  -1812
  17100   -252  -1718
  17114   -208  -1768
  17110   -250  -1768
  17112   -230  -1700
  17134   -224  -1786
  17126   -234  -1812
  17096   -246  -1744
  17092   -248  -1752
  17146   -260  -1778
  17112   -264  -1780
  17122   -256  -1722
  17120   -232  -1762
  17120   -238  -1780
  17108   -276  -1742
  17146   -238  -1780
  17138   -256  -1770
  17140   -256  -1768
  17118   -256  -1800
  17090   -258  -1830
  17092   -236  -1816
  17100   -254  -1736
  17146   -238  -1782
  17108   -264  -1758
  17098   -270  -1774
  17118   -240  -1786
  17130   -290  -1756
  17124   -256  -1756
  17138   -252  -1782
  17128   -254  -1758
  17102   -230  -1802
  17128   -272  -1774
  17138   -234  -1780
  17120   -260  -1822
  17120   -236  -1766
  17120   -266  -1830
  17126   -244  -1796
  17106   -274  -1768
  17116   -238  -1810
  17110   -224  -1802
  17132   -246  -1768
  17126   -226  -1820
  17072   -276  -1798
  17106   -260  -1774
  17124   -258  -1736
  17102   -244  -1760
  17112   -228  -1798
  17080   -248  -1778
  17156   -228  -1780
  17114   -236  -1758
  17112   -238  -1780
  17114   -252  -1770
  17126   -256  -1790
  17138   -246  -1758
  17134   -260  -1728
  17146   -244  -1778
  17126   -224  -1814
  17120   -244  -1796
  17146   -232  -1760
  17148   -228  -1794
  17104   -250  -1812
  17108   -232  -1736
  17122   -242  -1780
  17112   -248  -1764
  17118   -234  -1754
  17152   -222  -1762
  17132   -250  -1794
  17138   -232  -1814
  17126   -232  -1800
  17128   -280  -1798
  17086   -262  -1778
  17092   -232  -1760
  17130   -224  -1774
  17100   -264  -1778
  17090   -236  -1778
  17158   -240  -1788
  17108   -254  -1768
  17122   -248  -1762
  17128   -258  -1746
  17120   -228  -1760
  17150   -246  -1758
  17144   -260  -1778
  17126   -236  -1770
  17144   -222  -1746
  17140   -220  -1800
  17158   -252  -1748
  17120   -244  -1790
  17122   -248  -1762
  17108   -232  -1824
  17108   -258  -1740
  17100   -226  -1792
  17152   -252  -1756
  17090   -220  -1782
  17138   -240  -1754
  17106   -240  -1788
  17128   -230  -1752
  17130   -264  -1782
  17110   -232  -1794
  17114   -244  -1752
  17096   -258  -1732
  17138   -240  -1800
  17118   -248  -1744
  17114   -224  -1776
  17128   -204  -1806
  17110   -228  -1788
  17110   -234  -1778
  17138   -238  -1792
  17150   -234  -1800
  17076   -236  -1810
  17116   -238  -1724
  17124   -236  -1810
  17140   -260  -1754
  17130   -254  -1824
  17132   -240  -1782
  17120   -244  -1760
  17116   -236  -1786
  17112   -218  -1832
  17122   -240  -1810
  17108   -256  -1794
  17114   -252  -1808
  17108   -226  -1782
  17090   -224  -1750
  17106   -266  -1806
  17130   -230  -1790
  17104   -248  -1740
  17094   -252  -1744
  17122   -222  -1802
  17096   -258  -1754
  17116   -244  -1778
  17140   -242  -1788
  17108   -236  -1780
  17112   -264  -1798
  17142   -260  -1766
  17110   -236  -1778
  17116   -246  -1760
  17120   -258  -1804
  17120   -242  -1762
  17110   -252  -1800
  17130   -246  -1776
  17124   -266  -1806
  17128   -252  -1820
  17138   -238  -1794
  17098   -248  -1776
  17128   -258  -1778
  17112   -232  -1814
  17112   -246  -1766
  17138   -236  -1736
  17106   -250  -1760
  17100   -238  -1782
  17080   -240  -1740
  17112   -240  -1790
  17126   -260  -1762
  17146   -234  -1788
  17142   -232  -1790
  17136   -226  -1772
  17128   -234  -1768
  17124   -234  -1786
  17138   -222  -1760
  17126   -258  -1788
  17142   -274  -1770
  17142   -238  -1806
  17104   -224  -1754
  17110   -242  -1834
  17100   -266  -1792
  17110   -230  -1804
  17140   -248  -1782
  17160   -248  -1748
  17104   -230  -1796
  17122   -226  -1782
  17116   -256  -1768
  17114   -212  -1776
  17106   -248  -1730
  17158   -248  -1776
  17118   -238  -1782
  17120   -240  -1796
  17102   -250  -1766
  17116   -240  -1776
  17152   -272  -1756
  17108   -224  -1734
  17120   -254  -1768
  17108   -236  -1776
  17130   -260  -1758
  17128   -232  -1770
  17106   -244  -1778
  17120   -224  -1798
  17132   -234  -1714
  17126   -238  -1772
  17134   -212  -1780
  17120   -232  -1786
  17150   -240  -1782
  17128   -266  -1760
  17126   -248  -1748
  17126   -248  -1804
  17128   -250  -1784
  17102   -248  -1768
  17142   -240  -1758
  17134   -244  -1800
  17106   -238  -1782
  17116   -250  -1802
  17128   -218  -1768
  17108   -248  -1790
  17146   -230  -1816
  17154   -228  -1756
  17136   -244  -1824
  17132   -220  -1832
  17144   -234  -1786
  17154   -242  -1782
  17122   -248  -1752
  17128   -230  -1758
  17140   -222  -1774
  17110   -224  -1768
  17118   -236  -1798
  17124   -238  -1790
  17146   -248  -1776
  17120   -244  -1752
  17074   -224  -1764
  17118   -236  -1770
  17122   -274  -1754
  17102   -246  -1798
  17114   -266  -1756
  17134   -256  -1808
  17098   -214  -1816
  17108   -240  -1744
  17090   -248  -1774
  17102   -240  -1790
  17138   -262  -1778
  17090   -244  -1760
  17132   -250  -1770
  17120   -238  -1796
  17130   -254  -1764
  17086   -238  -1760
  17114   -234  -1740
  17098   -242  -1784
  17122   -234  -1780
  17110   -242  -1736
  17124   -236  -1770
  17112   -274  -1794
  17150   -264  -1766
  17138   -240  -1758
  17126   -256  -1766
  17144   -246  -1748
  17124   -234  -1770
  17110   -238  -1790
  17124   -240  -1760
  17116   -248  -1768
  17148   -254  -1734
  17146   -252  -1740
  17126   -242  -1778
  17138   -226  -1768
  17112   -224  -1776
  17122   -234  -1720
  17122   -258  -1736
  17132   -234  -1764
  17126   -246  -1746
  17090   -256  -1758
  17118   -250  -1804
  17138   -214  -1828
  17116   -258  -1746
  17140   -258  -1802
  17136   -246  -1760
  17122   -260  -1782
  17116   -252  -1772
  17082   -234  -1772
  17112   -256  -1756
  17130   -240  -1756
  17126   -248  -1760
  17116   -248  -1750
  17120   -254  -1762
  17154   -258  -1778
  17110   -238  -1742
  17098   -252  -1762
  17120   -264  -1770
  17118   -236  -1780
  17112   -256  -1806
  17112   -264  -1716
  17112   -244  -1744
  17098   -264  -1732
  17102   -258  -1758
  17106   -246  -1796
  17152   -238  -1758
  17114   -246  -1762
  17126   -230  -1808
  17100   -242  -1884
  17136   -250  -1740
  17142   -240  -1730
  17140   -240  -1788
  17126   -244  -1760
  17104   -246  -1778
  17122   -242  -1780
  17110   -246  -1768
  17118   -254  -1800
  17132   -256  -1784
  17102   -248  -1764
  17144   -252  -1792
  17120   -242  -1780
  17128   -252  -1816
  17120   -246  -1776
  17132   -268  -1718
  17126   -232  -1778
  17132   -238  -1798
  17172   -230  -1850
  17144   -218  -1784
  17098   -254  -1756
  17090   -206  -1740
  17106   -232  -1754
  17094   -208  -1790
  17116   -234  -1790
  17096   -242  -1802
  17130   -274  -1778
  17136   -264  -1748
  17130   -270  -1802
  17112   -248  -1804
  17110   -260  -1778
  17120   -232  -1806
  17124   -278  -1818
  17102   -234  -1766
  17098   -230  -1788
  17130   -242  -1770
  17142   -254  -1800
  17120   -254  -1786
  17126   -258  -1746
  17112   -242  -1798
  17110   -268  -1772
  17138   -236  -1784
  17128   -268  -1768
  17140   -266  -1776
  17104   -238  -1734
  17126   -220  -1772
  17122   -262  -1810
  17112   -226  -1794
  17104   -242  -1796
  17146   -262  -1730
  17106   -250  -1750
  17140   -254  -1792
  17106   -272  -1784
  17104   -238  -1784
  17112   -236  -1770
  17122   -248  -1776
  17110   -270  -1754
  17132   -262  -1814
  17110   -220  -1774
  17104   -230  -1786
  17134   -222  -1782
  17112   -248  -1742
  17124   -206  -1764
  17132   -206  -1794
  17148   -242  -1840
  17114   -258  -1808
  17112   -234  -1754
  17100   -238  -1778
  17074   -228  -1768
  17110   -224  -1768
  17142   -250  -1730
  17102   -238  -1754
  17164   -232  -1760
  17124   -236  -1778
  17114   -238  -1724
  17126   -242  -1742
  17134   -238  -1768
  17090   -256  -1776
  17110   -228  -1794
  17134   -260  -1798
  17100   -250  -1798
  17088   -246  -1722
  17142   -242  -1744
  17106   -248  -1780
  17114   -246  -1826
  17096   -254  -1788
  17126   -278  -1780
  17092   -242  -1764
  17112   -228  -1784
  17132   -236  -1696
  17094   -238  -1768
  17160   -264  -1770
  17100   -262  -1774
  17112   -272  -1732
  17118   -220  -1764
  17136   -224  -1774
  17140   -272  -1742
  17152   -240  -1780
  17134   -246  -1752
  17116   -248  -1780
  17116   -234  -1740
  17132   -264  -1766
  17094   -252  -1744
  17104   -246  -1764
  17156   -228  -1758
  17096   -240  -1732
  17142   -242  -1746
  17134   -268  -1750
  17116   -252  -1750
  17144   -222  -1782
  17144   -218  -1774
  17148   -262  -1794
  17112   -240  -1798
  17122   -252  -1774
  17122   -234  -1798
  17122   -246  -1728
  17124   -222  -1770
  17132   -260  -1778
  17138   -254  -1764
  17120   -270  -1760
  17122   -232  -1822
  17134   -258  -1754
  17152   -248  -1792
  17116   -244  -1742
  17126   -224  -1774
  17132   -248  -1746
  17092   -246  -1796
  17122   -246  -1842
  17118   -252  -1766
  17140   -264  -1794
  17132   -236  -1804
  17104   -226  -1798
  17118   -244  -1740
  17134   -238  -1746
  17156   -260  -1778
  17142   -232  -1782
  17146   -244  -1728
  17128   -234  -1758
  17120   -248  -1756
  17108   -248  -1810
  17106   -248  -1762
  17124   -250  -1726
  17116   -246  -1776
  17144   -244  -1790
  17118   -240  -1796
  17108   -228  -1798
  17102   -192  -1774
  17124   -244  -1750
  17116   -264  -1770
  17128   -236  -1828
  17100   -270  -1782
  17126   -236  -1770
  17116   -236  -1772
  17092   -248  -1768
  17120   -264  -1814
  17126   -266  -1762
  17102   -252  -1800
  17126   -252  -1758
  17106   -248  -1770
  17104   -240  -1744
  17112   -250  -1818
  17108   -240  -1794
  17116   -272  -1760
  17106   -242  -1802
  17130   -274  -1738
  17134   -246  -1788
  17134   -256  -1772
  17122   -254  -1802
  17128   -242  -1780
  17136   -250  -1746
  17116   -252  -1726
  17154   -240  -1796
  17170   -214  -1754
  17078   -238  -1790
  17112   -258  -1782
  17122   -256  -1736
  17120   -264  -1784
  17118   -246  -1788
  17128   -236  -1780
  17110   -238  -1760
  17148   -248  -1792
  17112   -266  -1812
  17124   -228  -1780
  17094   -236  -1802
  17136   -224  -1818
  17116   -242  -1784
  17132   -218  -1754
  17126   -228  -1746
  17090   -258  -1736
  17110   -244  -1720
  17106   -222  -1780
  17126   -260  -1778
  17118   -242  -1770
  17116   -252  -1758
  17130   -248  -1742
  17124   -246  -1796
  17100   -212  -1738
  17128   -244  -1722
  17140   -238  -1774
  17136   -278  -1792
  17128   -248  -1784
  17110   -218  -1760
  17120   -234  -1796
  17118   -236  -1810
  17142   -256  -1734
  17144   -258  -1808
  17134   -210  -1734
  17112   -232  -1772
  17128   -264  -1782
  17092   -264  -1742
  17108   -244  -1784
  17126   -232  -1756
  17102   -252  -1776
  17106   -252  -1780
  17148   -232  -1778
  17148   -218  -1766
  17134   -246  -1798
  17114   -230  -1780
  17110   -254  -1772
  17146   -246  -1766
  17110   -244  -1792
  17152   -262  -1810
  17124   -230  -1758
  17130   -250  -1796
  17134   -260  -1806
  17106   -262  -1812
  17142   -260  -1694
  17106   -258  -1802
  17074   -232  -1766
  17152   -222  -1788
  17122   -236  -1784
  17082   -232  -1798
  17142   -232  -1774
  17132   -262  -1780
  17132   -248  -1762
  17140   -236  -1742
  17120   -236  -1776
  17122   -234  -1784
  17128   -246  -1778
  17122   -254  -1780
  17092   -264  -1742
  17134   -272  -1786
  17112   -270  -1758
  17116   -264  -1748
  17128   -240  -1782
  17134   -212  -1776
  17108   -228  -1804
  17094   -242  -1728
  17090   -236  -1766
  17154   -240  -1788
  17124   -274  -1760
  17122   -254  -1768
  17136   -258  -1812
  17102   -242  -1776
  17138   -228  -1764
  17090   -222  -1772
  17140   -238  -1758
  17098   -240  -1806
  17136   -226  -1748
  17134   -244  -1774
  17126   -232  -1780
  17134   -238  -1768
  17146   -244  -1720
  17134   -238  -1782
  17114   -250  -1816
  17118   -254  -1720
  17106   -240  -1730
  17136   -240  -1760
  17130   -262  -1746
  17128   -240  -1770
  17112   -256  -1754
  17140   -230  -1748
  17094   -238  -1794
  17106   -234  -1742
  17128   -262  -1808
  17152   -234  -1794
  17088   -218  -1794
  17110   -242  -1788
  17118   -240  -1744
  17100   -238  -1782
  17098   -220  -1758
  17130   -250  -1764
  17116   -246  -1740
  17140   -232  -1766
  17112   -242  -1754
  17116   -242  -1786
  17126   -242  -1772
  17094   -262  -1784
  17120   -252  -1806
  17116   -238  -1756
  17128   -236  -1822
  17104   -242  -1776
  17144   -240  -1770
  17140   -236  -1686
  17114   -266  -1818
  17090   -252  -1744
  17134   -240  -1756
  17130   -256  -1770
  17128   -222  -1762
  17130   -230  -1788
  17130   -256  -1814
  17128   -260  -1790
  17116   -236  -1742
  17116   -252  -1760
  17122   -234  -1804
  17108   -228  -1784
  17118   -260  -1824
  17110   -270  -1772
  17140   -252  -1764
  17118   -242  -1780
  17154   -246  -1756
  17112   -210  -1746
  17098   -228  -1728
  17100   -240  -1782
  17088   -254  -1800
  17118   -258  -1724
  17114   -224  -1824
  17102   -250  -1776
  17128   -242  -1774
  17116   -238  -1758
  17138   -226  -1846
  17092   -236  -1752
  17104   -238  -1800
  17130   -244  -1792
  17138   -210  -1766
  17094   -242  -1782
  17128   -256  -1764
  17126   -234  -1798
  17132   -228  -1732
  17132   -254  -1772
  17126   -240  -1782
  17088   -242  -1726
  17146   -242  -1766
  17140   -218  -1724
  17138   -254  -1784
  17100   -262  -1762
  17082   -250  -1776
  17146   -234  -1790
  17124   -224  -1794
  17100   -212  -1808
  17086   -250  -1758
  17140   -260  -1790
  17132   -198  -1796
  17106   -240  -1764
  17126   -240  -1748
  17168   -264  -1752
  17152   -258  -1770
  17134   -254  -1750
  17122   -246  -1770
  17134   -222  -1770
  17130   -250  -1788
  17122   -208  -1818
  17154   -252  -1750
  17112   -276  -1760
  17114   -242  -1790
  17138   -226  -1718
  17138   -236  -1770
  17118   -234  -1776
  17106   -232  -1784
  17122   -256  -1766
  17124   -236  -1800
  17088   -240  -1804
  17116   -256  -1754
  17108   -260  -1778
  17144   -250  -1770
  17130   -224  -1810
  17118   -236  -1782
  17110   -254  -1796
  17124   -250  -1750
  17118   -232  -1718
  17088   -278  -1832
  17132   -232  -1780
  17136   -248  -1798
  17108   -230  -1766
  17110   -242  -1786
  17142   -266  -1768
  17090   -264  -1764
  17122   -238  -1782
  17166   -238  -1774
  17134   -232  -1816
  17128   -240  -1740
  17136   -236  -1758
  17152   -210  -1824
  17116   -206  -1778
  17108   -254  -1764
  17140   -278  -1778
  17144   -254  -1772
  17118   -234  -1788
  17102   -246  -1758
  17120   -228  -1808
  17142   -236  -1784
  17118   -232  -1784
  17080   -230  -1744
  17112   -242  -1766
  17090   -248  -1754
  17134   -222  -1790
  17112   -244  -1778
  17098   -254  -1762
  17120   -222  -1744
  17124   -228  -1798
  17136   -264  -1766
  17108   -254  -1816
  17098   -248  -1770
  17084   -248  -1762
  17100   -232  -1754
  17122   -232  -1822
  17148   -252  -1796
  17104   -240  -1830
  17116   -274  -1764
  17146   -240  -1762
  17120   -224  -1806
  17150   -230  -1826
  17102   -256  -1760
  17114   -238  -1770
  17114   -234  -1782
  17124   -226  -1756
  17142   -226  -1764
  17112   -214  -1798
  17096   -254  -1844
  17126   -244  -1750
  17108   -268  -1752
  17108   -224  -1728
  17118   -224  -1746
  17140   -214  -1722
  17132   -244  -1742
  17144   -242  -1808
  17118   -238  -1758
  17076   -238  -1812
  17152   -230  -1772
  17126   -260  -1750
  17116   -256  -1748
  17130   -258  -1808
  17108   -246  -1788
  17126   -254  -1736
  17124   -230  -1776
  17138   -252  -1798
  17132   -248  -1798
  17128   -224  -1766
  17130   -250  -1760
  17140   -248  -1802
  17104   -260  -1790
  17102   -232  -1778
  17124   -264  -1788
  17112   -242  -1814
  17126   -218  -1772
  17132   -246  -1740
  17116   -236  -1752
  17128   -246  -1778
  17122   -238  -1690
  17118   -248  -1748
  17142   -232  -1780
  17100   -242  -1806
  17126   -260  -1778
  17100   -232  -1784
  17088   -210  -1784
  17096   -266  -1780
  17128   -222  -1758
  17128   -232  -1782
  17108   -256  -1760
  17144   -232  -1774
  17126   -220  -1766
  17158   -210  -1754
  17106   -248  -1740
  17128   -236  -1776
  17128   -234  -1798
  17116   -220  -1788
  17144   -230  -1786
  17120   -224  -1850
  17112   -262  -1776
  17112   -244  -1764
  17136   -242  -1748
  17118   -260  -1800
  17126   -246  -1752
  17104   -240  -1792
  17094   -256  -1804
  17140   -222  -1754
  17134   -240  -1820
  17104   -260  -1802
  17106   -240  -1754
  17120   -258  -1798
  17096   -244  -1816
  17112   -240  -1750
  17122   -250  -1774
  17136   -272  -1770
  17118   -256  -1796
  17120   -258  -1782
  17118   -240  -1780
  17112   -246  -1770
  17106   -238  -1726
  17128   -260  -1722
  17116   -236  -1750
  17158   -218  -1786
  17130   -220  -1738
  17094   -234  -1754
  17124   -248  -1770
  17122   -224  -1802
  17116   -242  -1796
  17130   -266  -1728
  17068   -232  -1756
  17116   -228  -1788
  17106   -246  -1806
  17150   -232  -1748
  17144   -242  -1776
  17098   -214  -1776
  17156   -252  -1784
  17134   -242  -1770
  17088   -222  -1750
  17116   -226  -1770
  17092   -248  -1812
  17126   -244  -1784
  17120   -240  -1724
  17184   -238  -1750
  17126   -238  -1752
  17140   -264  -1792
  17108   -238  -1742
  17124   -262  -1750
  17126   -232  -1784
  17132   -234  -1744
  17102   -264  -1744
  17120   -210  -1772
  17110   -274  -1750
  17124   -244  -1752
  17088   -236  -1766
  17126   -254  -1760
  17132   -232  -1780
  17090   -246  -1798
  17134   -238  -1778
  17102   -232  -1748
  17110   -262  -1756
  17114   -242  -1742
  17114   -250  -1792
  17130   -242  -1746
  17092   -250  -1792
  17170   -270  -1776
  17120   -256  -1748
  17124   -252  -1744
  17138   -258  -1770
  17102   -232  -1770
  17090   -262  -1744
  17122   -252  -1762
  17142   -258  -1752
  17142   -238  -1742
  17128   -236  -1772
  17122   -232  -1744
  17114   -254  -1784
  17112   -228  -1758
  17132   -222  -1738
  17148   -268  -1818
  17104   -248  -1772
  17094   -244  -1816
  17144   -242  -1766
  17126   -256  -1772
  17116   -236  -1744
  17140   -276  -1776
  17120   -256  -1802
  17128   -240  -1762
  17116   -220  -1774
  17136   -224  -1780
  17116   -224  -1790
  17120   -212  -1838
  17132   -240  -1756
  17122   -228  -1752
  17098   -228  -1768
  17092   -254  -1726
  17116   -258  -1750
  17128   -250  -1790
  17122   -234  -1760
  17112   -214  -1732
  17106   -236  -1760
  17112   -248  -1762
  17128   -232  -1744
  17124   -234  -1784
  17126   -232  -1752
  17106   -248  -1806
  17110   -242  -1772
  17144   -234  -1752
  17112   -198  -1800
  17114   -238  -1784
  17144   -250  -1760
  17116   -208  -1768
  17146   -260  -1766
  17102   -258  -1770
  17120   -250  -1792
  17092   -248  -1744
  17128   -266  -1770
  17124   -228  -1796
  17086   -254  -1792
  17144   -264  -1798
  17132   -246  -1798
  17096   -254  -1786
  17126   -222  -1782
  17134   -240  -1782
  17110   -216  -1780
  17112   -246  -1756
  17108   -254  -1752
  17120   -236  -1760
  17144   -258  -1778
  17128   -232  -1768
  17136   -262  -1780
  17136   -246  -1792
  17138   -214  -1814
  17118   -252  -1774
  17090   -262  -1772
  17098   -228  -1734
  17100   -240  -1756
  17108   -204  -1794
  17106   -244  -1802
  17100   -258  -1788
  17128   -278  -1768
  17146   -274  -1836
  17140   -232  -1802
  17106   -238  -1742
  17136   -286  -1784
  17096   -240  -1780
  17116   -234  -1808
  17102   -244  -1764
  17096   -222  -1724
  17150   -250  -1770
  17108   -228  -1758
  17108   -224  -1724
  17144   -212  -1780
  17108   -226  -1812
  17108   -238  -1786
  17148   -224  -1808
  17114   -260  -1774
  17112   -232  -1764
  17126   -234  -1810
  17106   -226  -1820
  17128   -234  -1770
  17100   -252  -1756
  17128   -232  -1788
  17148   -240  -1742
  17154   -228  -1728
  17136   -236  -1758
  17124   -226  -1776
  17112   -226  -1756
  17100   -210  -1768
  17120   -244  -1782
  17150   -264  -1768
  17130   -238  -1758
  17122   -250  -1798
  17130   -248  -1774
  17114   -234  -1776
  17124   -240  -1794
  17150   -244  -1772
  17132   -242  -1778
  17094   -242  -1720
  17106   -230  -1738
  17172   -290  -1858
  17148   -246  -1766
  17144   -230  -1776
  17102   -240  -1732
  17110   -264  -1736
  17100   -230  -1788
  17100   -240  -1762
  17114   -252  -1736
  17118   -236  -1766
  17110   -276  -1730
  17100   -250  -1768
  17122   -244  -1780
  17102   -256  -1742
  17146   -242  -1780
  17120   -216  -1756
  17124   -226  -1776
  17152   -238  -1768
  17106   -258  -1778
  17118   -230  -1786
  17138   -248  -1746
  17120   -286  -1744
  17118   -250  -1776
  17102   -226  -1778
  17122   -208  -1708
  17116   -238  -1782
  17112   -240  -1752
  17124   -230  -1788
  17126   -254  -1818
  17140   -226  -1760
  17112   -240  -1762
  17106   -246  -1782
  17136   -246  -1732
  17114   -250  -1754
  17118   -250  -1734
  17142   -218  -1804
  17118   -234  -1766
  17126   -248  -1806
  17086   -246  -1772
  17148   -236  -1776
  17094   -244  -1834
  17112   -210  -1784
  17118   -226  -1806
  17116   -262  -1752
  17130   -242  -1778
  17136   -228  -1772
  17116   -252  -1754
  17104   -220  -1774
  17126   -242  -1788
  17132   -206  -1792
  17112   -260  -1768
  17128   -246  -1746
  17130   -222  -1778
  17114   -272  -1728
  17140   -250  -1736
  17108   -276  -1744
  17126   -264  -1804
  17100   -256  -1796
  17124   -222  -1774
  17110   -252  -1786
  17114   -266  -1782
  17102   -238  -1766
  17104   -236  -1766
  17128   -260  -1762
  17128   -268  -1816
  17156   -254  -1790
  17120   -236  -1792
  17114   -242  -1754
  17132   -280  -1776
  17130   -252  -1788
  17110   -242  -1778
  17138   -240  -1808
  17092   -262  -1808
  17118   -256  -1816
  17122   -270  -1794
  17110   -232  -1788
  17096   -232  -1766
  17106   -230  -1758
  17130   -252  -1764
  17094   -242  -1782
  17098   -230  -1784
  17098   -242  -1774
  17132   -266  -1760
  17106   -234  -1736
  17120   -242  -1744
  17118   -240  -1754
  17116   -256  -1780
  17104   -254  -1794
  17100   -252  -1744
  17124   -248  -1802
  17144   -274  -1814
  17128   -260  -1798
  17094   -236  -1754
  17126   -230  -1768
  17114   -254  -1796
  17130   -228  -1716
  17146   -230  -1812
  17120   -256  -1752
  17138   -258  -1802
  17116   -224  -1782
  17122   -252  -1780
  17112   -220  -1736
  17096   -220  -1772
  17120   -268  -1752
  17132   -240  -1796
  17120   -230  -1780
  17136   -236  -1766
  17156   -246  -1752
  17122   -228  -1734
  17098   -252  -1772
  17128   -236  -1792
  17134   -274  -1756
  17110   -270  -1790
  17126   -234  -1738
  17120   -246  -1762
  17116   -246  -1772
  17128   -244  -1794
  17118   -268  -1788
  17082   -236  -1798
  17142   -226  -1762
  17104   -228  -1772
  17144   -250  -1722
  17134   -266  -1790
  17126   -250  -1784
  17154   -280  -1796
  17148   -244  -1780
  17160   -222  -1788
  17096   -240  -1786
  17130   -258  -1784
  17136   -240  -1792
  17096   -262  -1834
  17124   -250  -1778
  17120   -248  -1726
  17120   -244  -1758
  17104   -268  -1756
  17126   -228  -1768
  17084   -258  -1750
  17134   -242  -1778
  17134   -228  -1810
  17140   -234  -1752
  17116   -260  -1786
  17138   -264  -1756
  17116   -256  -1756
  17130   -228  -1784
  17120   -276  -1774
  17126   -254  -1814
  17102   -258  -1740
  17122   -236  -1796
  17132   -242  -1750
  17124   -242  -1736
  17148   -252  -1770
  17126   -230  -1818
  17076   -240  -1798
  17142   -242  -1778
  17108   -238  -1730
  17118   -232  -1742
  17088   -224  -1770
  17110   -264  -1748
  17124   -224  -1768
  17086   -240  -1780
  17140   -244  -1754
  17132   -230  -1804
  17136   -250  -1776
  17118   -210  -1760
  17090   -242  -1784
  17098   -242  -1716
  17118   -244  -1798
  17126   -228  -1740
  17116   -240  -1772
  17108   -216  -1794
  17118   -252  -1776
  17124   -240  -1802
  17118   -262  -1764
  17124   -236  -1772
  17116   -236  -1776
  17122   -252  -1778
  17142   -232  -1776
  17130   -268  -1778
  17144   -268  -1756
  17134   -236  -1750
  17114   -216  -1822
  17100   -228  -1748
  17108   -226  -1750
  17122   -238  -1722
  17158   -238  -1786
  17122   -252  -1774
  17120   -234  -1776
  17124   -230  -1804
  17138   -232  -1794
  17124   -232  -1780
  17124   -256  -1760
  17112   -254  -1722
  17110   -238  -1786
  17130   -218  -1744
  17124   -238  -1810
  17132   -268  -1792
  17106   -234  -1776
  17088   -236  -1762
  17108   -226  -1808
  17120   -274  -1822
  17100   -240  -1746
  17112   -234  -1796
  17102   -224  -1778
  17114   -246  -1782
  17118   -256  -1714
  17106   -236  -1776
  17148   -242  -1818
  17110   -248  -1776
  17136   -272  -1780
  17108   -274  -1758
  17128   -240  -1750
  17126   -266  -1762
  17142   -236  -1772
  17100   -230  -1798
  17140   -224  -1802
  17180   -226  -1808
  17134   -244  -1782
  17082   -248  -1784
  17128   -260  -1782
  17188   -218  -1804
  17092   -240  -1790
  17134   -236  -1830
  17130   -256  -1796
  17070   -250  -1776
  17176   -236  -1790
  17162   -246  -1794
  17024   -266  -1826
  17366   -208  -1822
  16944   -232  -1736
  17084   -264  -1808
  17238   -260  -1870
  17030   -264  -1744
  17170   -226  -1758
  17078   -262  -1810
  17144   -256  -1772
  17136   -244  -1782
  17096   -350  -1712
  17172   -266  -1870
  17068   -182  -1792
  17122   -218  -1810
  17148   -232  -1780
  17108   -250  -1760
  17134   -254  -1782
  17138   -238  -1802
  17106   -252  -1784
  17128   -230  -1780
  17124   -230  -1802
  17096   -216  -1796
  17110   -224  -1826
  17128   -242  -1762
  17096   -248  -1748
  17136   -214  -1788
  17148   -254  -1844
  17094   -248  -1780
  17132   -250  -1836
  17086   -246  -1758
  17162   -234  -1758
  17106   -220  -1746
  17132   -240  -1778
  17140   -254  -1758
  17116   -258  -1762
  17130   -226  -1768
  17134   -246  -1790
  17116   -220  -1748
  17098   -242  -1772
  17126   -230  -1778
  17134   -250  -1764
  17138   -234  -1804
  17120   -248  -1766
  17138   -256  -1776
  17102   -230  -1756
  17112   -248  -1780
  17128   -254  -1782
  17090   -240  -1800
  17108   -238  -1782
  17094   -226  -1724
  17112   -258  -1788
  17098   -260  -1814
  17164   -254  -1804
  17140   -246  -1784
  17148   -216  -1804
  17116   -244  -1782
  17112   -254  -1754
  17138   -234  -1798
  17106   -232  -1782
  17088   -234  -1750
  17098   -232  -1778
  17124   -238  -1816
  17120   -242  -1776
  17138   -256  -1768
  17096   -224  -1814
  17122   -232  -1836
  17092   -252  -1732
  17124   -246  -1784
  17130   -236  -1744
  17116   -208  -1770
  17132   -272  -1724
  17086   -236  -1752
  17132   -260  -1798
  17126   -274  -1834
  17116   -270  -1702
  17090   -224  -1744
  17106   -264  -1784
  17126   -258  -1800
  17122   -272  -1782
  17124   -266  -1774
  17142   -236  -1774
  17092   -240  -1742
  17128   -244  -1738
  17122   -266  -1758
  17106   -226  -1782
  17090   -268  -1716
  17140   -268  -1784
  17128   -252  -1760
  17090   -256  -1768
  17118   -280  -1764
  17072   -222  -1752
  17120   -226  -1706
  17182   -240  -1770
  17136   -242  -1800
  17116   -246  -1776
  17116   -262  -1772
  17118   -242  -1782
  17118   -250  -1772
  17118   -248  -1764
  17142   -282  -1780
  17112   -220  -1780
  17136   -232  -1810
  17126   -234  -1764
  17092   -260  -1840
  17136   -230  -1788
  17114   -212  -1796
  17110   -228  -1766
  17126   -228  -1756
  17124   -274  -1796
  17072   -228  -1752
  17124   -250  -1768
  17168   -262  -1764
  17120   -240  -1766
  17138   -250  -1786
  17120   -216  -1786
  17156   -196  -1778
  17118   -246  -1800
  17124   -260  -1776
  17104   -236  -1800
  17128   -228  -1740
  17134   -216  -1788
  17116   -212  -1802
  17126   -218  -1794
  17122   -240  -1760
  17134   -230  -1728
  17116   -254  -1848
  17114   -256  -1780
  17100   -260  -1770
  17116   -258  -1816
  17100   -256  -1778
  17126   -206  -1736
  17138   -212  -1784
  17130   -246  -1780
  17138   -244  -1800
  17122   -232  -1756
  17124   -242  -1794
  17128   -248  -1796
  17108   -232  -1758
  17128   -240  -1768
  17112   -244  -1804
  17116   -240  -1784
  17104   -258  -1806
  17116   -254  -1748
  17176   -240  -1758
  17092   -256  -1774
  17132   -260  -1740
  17122   -248  -1764
  17118   -244  -1804
  17126   -246  -1816
  17130   -244  -1764
  17152   -240  -1778
  17108   -250  -1788
  17126   -250  -1756
  17074   -210  -1750
  17106   -256  -1772
  17128   -254  -1764
  17086   -252  -1764
  17130   -232  -1772
  17090   -242  -1766
  17090   -212  -1778
  17142   -236  -1792
  17108   -260  -1738
  17138   -260  -1762
  17110   -224  -1748
  17104   -222  -1762
  17112   -230  -1772
  17122   -244  -1774
  17086   -246  -1746
  17100   -260  -1744
  17114   -260  -1800
  17126   -276  -1812
  17138   -250  -1752
  17104   -238  -1808
  17144   -224  -1724
  17100   -246  -1836
  17144   -252  -1768
  17112   -236  -1780
  17108   -224  -1794
  17096   -244  -1768
  17092   -246  -1770
  17112   -260  -1766
  17098   -268  -1738
  17140   -260  -1740
  17150   -230  -1774
  17120   -258  -1738
  17122   -214  -1788
  17142   -214  -1742
  17102   -234  -1746
  17116   -216  -1794
  17092   -246  -1780
  17126   -238  -1772
  17156   -250  -1768
  17124   -224  -1766
  17116   -264  -1796
  17114   -252  -1810
  17108   -242  -1758
  17116   -256  -1772
  17124   -234  -1748
  17122   -254  -1764
  17092   -242  -1758
  17118   -204  -1796
  17106   -230  -1780
  17162   -252  -1754
  17156   -254  -1728
  17166   -236  -1780
  17152   -250  -1782
  17150   -226  -1766
  17124   -218  -1768
  17128   -260  -1816
  17130   -256  -1764
  17112   -220  -1774
  17110   -228  -1796
  17120   -238  -1808
  17104   -268  -1796
  17130   -260  -1784
  17110   -268  -1796
  17132   -246  -1748
  17114   -238  -1740
  17104   -248  -1774
  17128   -242  -1782
  17126   -238  -1756
  17134   -258  -1802
  17104   -254  -1802
  17128   -222  -1762
  17140   -252  -1786
  17138   -260  -1768
  17124   -272  -1788
  17130   -250  -1774
  17164   -216  -1756
  17098   -228  -1786
  17116   -252  -1790
  17108   -252  -1798
  17102   -266  -1748
  17122   -268  -1766
  17124   -246  -1812
  17128   -222  -1742
  17150   -218  -1768
  17098   -256  -1786
  17130   -246  -1750
  17114   -238  -1770
  17132   -248  -1768
  17108   -250  -1772
  17134   -230  -1766
  17142   -250  -1724
  17094   -224  -1742
  17084   -232  -1772
  17126   -266  -1812
  17092   -232  -1766
  17092   -234  -1776
  17112   -270  -1778
  17110   -212  -1818
  17104   -230  -1810
  17108   -240  -1796
  17142   -240  -1784
  17120   -236  -1796
  17128   -264  -1762
  17126   -258  -1778
  17102   -248  -1758
  17116   -224  -1744
  17126   -248  -1756
  17082   -252  -1762
  17088   -268  -1788
  17148   -236  -1740
  17130   -258  -1752
  17104   -242  -1786
  17120   -232  -1778
  17090   -202  -1738
  17126   -252  -1772
  17118   -230  -1778
  17124   -248  -1732
  17096   -224  -1752
  17100   -242  -1760
  17122   -240  -1762
  17112   -234  -1774
  17122   -252  -1752
  17122   -230  -1752
  17112   -232  -1784
  17116   -240  -1766
  17122   -250  -1790
  17116   -236  -1768
  17106   -226  -1770
  17122   -216  -1790
  17116   -280  -1724
  17114   -266  -1756
  17140   -200  -1764
  17098   -236  -1770
  17120   -240  -1812
  17136   -214  -1776
  17132   -232  -1716
  17118   -248  -1778
  17112   -238  -1750
  17126   -242  -1760
  17094   -250  -1766
  17106   -230  -1784
  17104   -256  -1776
  17110   -250  -1774
  17126   -228  -1756
  17140   -238  -1744
  17126   -222  -1784
  17118   -226  -1768
  17100   -222  -1784
  17110   -216  -1800
  17142   -250  -1796
  17110   -234  -1766
  17126   -238  -1766
  17130   -246  -1772
  17136   -258  -1742
  17110   -240  -1782
  17116   -254  -1734
  17110   -270  -1734
  17144   -238  -1736
  17092   -250  -1778
  17094   -244  -1776
  17128   -254  -1778
  17158   -244  -1764
  17118   -238  -1754
  17130   -264  -1754
  17130   -250  -1776
  17122   -228  -1798
  17136   -240  -1792
  17102   -250  -1788
  17132   -208  -1756
  17106   -220  -1784
  17098   -250  -1728
  17140   -260  -1770
  17112   -240  -1782
  17106   -212  -1822
  17112   -226  -1788
  17124   -250  -1780
  17092   -258  -1782
  17132   -248  -1744
  17134   -246  -1754
  17132   -244  -1738
  17122   -234  -1776
  17110   -222  -1776
  17102   -234  -1828
  17088   -224  -1766
  17106   -220  -1778
  17142   -246  -1744
  17120   -232  -1758
  17122   -226  -1806
  17134   -234  -1772
  17136   -242  -1804
  17096   -258  -1730
  17130   -236  -1774
  17106   -234  -1760
  17120   -236  -1768
  17112   -246  -1776
  17112   -234  -1778
  17138   -214  -1744
  17098   -226  -1728
  17112   -258  -1782
  17134   -234  -1762
  17128   -218  -1802
  17134   -256  -1790
  17122   -238  -1826
  17114   -220  -1778
  17134   -226  -1778
  17110   -242  -1738
  17110   -238  -1766
  17124   -232  -1802
  17086   -214  -1774
  17116   -252  -1780
  17144   -256  -1836
  17138   -258  -1796
  17100   -242  -1800
  17120   -226  -1776
  17108   -218  -1788
  17124   -224  -1772
  17124   -216  -1824
  17124   -230  -1770
  17114   -250  -1726
  17130   -244  -1780
  17122   -212  -1786
  17142   -242  -1794
  17168   -234  -1750
  17116   -230  -1820
  17164   -242  -1840
  17178   -242  -1796
  17112   -258  -1820
  17110   -252  -1778
  17126   -250  -1748
  17102   -266  -1788
  17120   -258  -1784
  17110   -230  -1760
  17128   -218  -1780
  17096   -230  -1770
  17140   -240  -1766
  17118   -260  -1756
  17134   -276  -1790
  17116   -234  -1786
  17112   -246  -1766
  17154   -238  -1788
  17136   -288  -1784
  17118   -232  -1736
  17152   -250  -1756
  17094   -258  -1784
  17096   -208  -1754
  17092   -246  -1792
  17098   -258  -1802
  17130   -236  -1730
  17088   -236  -1792
  17148   -238  -1794
  17122   -228  -1824
  17116   -240  -1744
  17124   -236  -1738
  17150   -224  -1738
  17132   -232  -1792
  17148   -242  -1794
  17116   -246  -1772
  17122   -260  -1806
  17068   -228  -1782
  17138   -224  -1768
  17120   -250  -1746
  17116   -194  -1784
  17104   -194  -1806
  17118   -240  -1792
  17116   -238  -1722
  17112   -222  -1794
  17090   -254  -1788
  17154   -250  -1784
  17130   -254  -1760
  17124   -228  -1736
  17126   -246  -1764
  17110   -258  -1762
  17130   -276  -1744
  17110   -238  -1762
  17088   -252  -1808
  17090   -244  -1758
  17092   -242  -1764
  17096   -226  -1820
  17104   -226  -1776
  17132   -248  -1764
  17100   -256  -1750
  17136   -242  -1764
  17118   -240  -1774
  17122   -256  -1740
  17128   -260  -1734
  17120   -246  -1736
  17122   -262  -1768
  17130   -242  -1818
  17108   -234  -1752
  17130   -216  -1768
  17098   -194  -1760
  17100   -270  -1760
  17114   -226  -1794
  17082   -210  -1792
  17106   -246  -1760
  17116   -226  -1782
  17092   -248  -1806
  17092   -234  -1804
  17106   -246  -1808
  17124   -252  -1762
  17150   -218  -1780
  17140   -252  -1762
  17076   -206  -1786
  17120   -244  -1784
  17130   -242  -1784
  17138   -228  -1780
  17130   -238  -1738
  17088   -254  -1750
  17120   -240  -1806
  17122   -246  -1790
  17134   -246  -1818
  17118   -214  -1758
  17142   -236  -1798
  17112   -238  -1786
  17126   -238  -1760
  17090   -256  -1742
  17102   -254  -1754
  17132   -236  -1798
  17124   -256  -1788
  17096   -268  -1802
  17094   -262  -1740
  17128   -232  -1792
  17136   -232  -1778
  17146   -268  -1818
  17152   -220  -1808
  17078   -258  -1740
  17092   -250  -1706
  17080   -236  -1742
  17162   -264  -1798
  17128   -248  -1786
  17144   -232  -1766
  17212   -240  -1786
  17200   -236  -1794
  16994   -232  -1740
  17216   -250  -1756
  17040   -248  -1776
  17148   -276  -1716
  17150   -228  -1770
  17078   -238  -1780
  17116   -216  -1792
  17098   -214  -1756
  17104   -240  -1734
  17208   -260  -1798
  17080   -228  -1774
  17150   -208  -1754
  17120   -256  -1794
  17078   -262  -1784
  17112   -234  -1778
  17064   -232  -1788
  17128   -280  -1772
  17120   -240  -1834
  17102   -244  -1732
  17120   -226  -1724
  17212   -228  -1850
  17134   -242  -1764
  17092   -250  -1742
  17166   -218  -1794
  17094   -258  -1798
  17160   -248  -1782
  17120   -240  -1732
  17096   -268  -1786
  17148   -248  -1766
  17118   -254  -1780
  17140   -218  -1788
  17088   -236  -1780
  17064   -246  -1754
  17102   -228  -1706
  17084   -226  -1738
  17162   -204  -1754
  17180   -246  -1772
  17076   -240  -1786
  17138   -240  -1752
  17104   -220  -1778
  17136   -250  -1784
  17106   -236  -1802
  17082   -254  -1788
  17124   -228  -1794
  17104   -232  -1810
  17106   -226  -1786
  17142   -272  -1758
  17102   -246  -1790
  17114   -244  -1790
  17100   -242  -1702
  17136   -230  -1770
  17152   -232  -1760
  17148   -224  -1746
  17128   -212  -1798
  17116   -244  -1788
  17120   -244  -1712
  17128   -250  -1772
  17116   -248  -1772
  17108   -260  -1798
  17108   -262  -1774
  17106   -248  -1772
  17156   -244  -1790
  17124   -258  -1766
  17148   -232  -1810
  17102   -246  -1776
  17128   -242  -1790
  17126   -236  -1786
  17132   -232  -1774
  17110   -236  -1746
  17104   -266  -1818
  17150   -246  -1770
  17096   -248  -1818
  17100   -236  -1810
  17128   -238  -1780
  17128   -212  -1816
  17140   -242  -1760
  17126   -274  -1794
  17108   -252  -1778
  17154   -236  -1808
  17132   -240  -1816
  17128   -252  -1776
  17140   -232  -1744
  17112   -224  -1768
  17094   -238  -1788
  17112   -272  -1762
  17124   -238  -1732
  17104   -248  -1794
  17124   -252  -1798
  17120   -242  -1774
  17106   -236  -1792
  17110   -240  -1808
  17100   -220  -1772
  17106   -252  -1810
  17112   -234  -1830
  17104   -266  -1810
  17124   -218  -1812
  17162   -262  -1790
  17104   -220  -1776
  17098   -242  -1736
  17124   -254  -1754
  17106   -240  -1760
  17120   -236  -1776
  17096   -234  -1788
  17128   -222  -1790
  17144   -280  -1814
  17098   -248  -1776
  17126   -220  -1796
  17120   -242  -1802
  17134   -216  -1838
  17148   -258  -1758
  17120   -266  -1784
  17140   -222  -1798
  17084   -240  -1758
  17120   -244  -1802
  17110   -260  -1804
  17134   -230  -1802
  17142   -252  -1782
  17140   -224  -1786
  17144   -236  -1748
  17124   -254  -1822
  17108   -224  -1790
  17126   -230  -1758
  17094   -256  -1740
  17110   -252  -1760
  17118   -238  -1774
  17124   -220  -1762
  17174   -240  -1782
  17128   -246  -1752
  17154   -236  -1766
  17132   -212  -1822
  17122   -242  -1782
  17098   -232  -1762
  17106   -224  -1786
  17130   -212  -1762
  17114   -234  -1766
  17112   -280  -1740
  17130   -222  -1740
  17114   -228  -1766
  17088   -210  -1782
  17088   -240  -1770
  17126   -244  -1784
  17126   -264  -1720
  17102   -248  -1758
  17106   -228  -1782
  17128   -244  -1798
  17106   -254  -1782
  17084   -232  -1802
  17088   -242  -1794
  17138   -240  -1800
  17106   -252  -1772
  17100   -248  -1770
  17094   -248  -1792
  17100   -260  -1762
  17092   -248  -1786
  17090   -246  -1786
  17128   -242  -1786
  17136   -246  -1808
  17138   -256  -1752
  17122   -224  -1768
  17152   -224  -1770
  17110   -204  -1716
  17080   -230  -1780
  17142   -254  -1752
  17142   -254  -1798
  17122   -230  -1780
  17128   -266  -1772
  17122   -268  -1764
  17112   -260  -1800
  17112   -226  -1788
  17148   -288  -1778
  17108   -238  -1764
  17092   -264  -1800
  17112   -252  -1770
  17128   -212  -1822
  17100   -242  -1720
  17114   -212  -1758
  17106   -228  -1776
  17112   -258  -1786
  17124   -254  -1766
  17134   -226  -1788
  17120   -276  -1770
  17146   -240  -1766
  17104   -244  -1774
  17098   -210  -1794
  17108   -256  -1778
  17096   -226  -1762
  17136   -238  -1786
  17112   -230  -1772
  17090   -240  -1828
  17140   -228  -1778
  17144   -226  -1766
  17096   -220  -1788
  17146   -266  -1808
  17138   -242  -1758
  17152   -242  -1788
  17136   -246  -1784
  17126   -240  -1750
  17132   -258  -1736
  17112   -262  -1758
  17128   -232  -1786
  17064   -266  -1804
  17142   -268  -1788
  17120   -226  -1772
  17126   -240  -1738
  17124   -258  -1756
  17106   -246  -1792
  17112   -238  -1780
  17104   -242  -1766
  17118   -242  -1814
  17102   -242  -1764
  17104   -228  -1772
  17130   -242  -1746
  17116   -246  -1784
  17138   -214  -1762
  17130   -214  -1786
  17110   -230  -1780
  17110   -272  -1826
  17094   -252  -1796
  17112   -256  -1740
  17128   -254  -1778
  17102   -238  -1796
  17114   -262  -1798
  17130   -228  -1790
  17108   -248  -1758
  17120   -210  -1798
  17120   -246  -1764
  17120   -236  -1760
  17124   -256  -1752
  17144   -244  -1804
  17128   -260  -1802
  17136   -240  -1774
  17130   -246  -1762
  17122   -204  -1774
  17146   -208  -1774
  17124   -226  -1826
  17146   -228  -1806
  17104   -228  -1754
  17128   -242  -1782
  17118   -240  -1780
  17098   -226  -1808
  17102   -236  -1830
  17128   -240  -1796
  17116   -214  -1770
  17126   -228  -1788
  17118   -264  -1748
  17106   -282  -1758
  17144   -228  -1764
  17154   -220  -1768
  17088   -254  -1812
  17106   -232  -1814
  17140   -240  -1796
  17100   -252  -1816
  17108   -254  -1782
  17116   -244  -1786
  17112   -234  -1786
  17118   -240  -1810
  17136   -242  -1764
  17102   -240  -1816
  17122   -222  -1746
  17110   -234  -1806
  17094   -274  -1762
  17116   -232  -1782
  17096   -226  -1722
  17108   -254  -1764
  17146   -258  -1796
  17124   -226  -1798
  17124   -246  -1742
  17108   -240  -1782
  17130   -248  -1790
  17098   -230  -1784
  17148   -232  -1800
  17104   -260  -1776
  17108   -246  -1762
  17136   -254  -1804
  17128   -272  -1764
  17102   -276  -1782
  17122   -230  -1752
  17154   -246  -1796
  17122   -242  -1798
  17088   -240  -1788
  17102   -222  -1742
  17104   -232  -1772
  17130   -236  -1760
  17114   -262  -1772
  17118   -240  -1772
  17134   -252  -1816
  17118   -222  -1780
  17116   -212  -1790
  17122   -238  -1796
  17122   -254  -1792
  17134   -242  -1798
  17120   -260  -1770
  17088   -246  -1776
  17102   -242  -1752
  17124   -242  -1782
  17158   -232  -1798
  17114   -256  -1788
  17122   -224  -1782
  17144   -256  -1780
  17114   -204  -1768
  17130   -224  -1790
  17118   -234  -180